S
-948.6068300424
142.9181798761
817.1941282388
-1.7395550401
694.2655720695
-663.1977294229
-127.5368511002
-90.9146397290
766.1671803949
602.0386364330
950.4989776299
105.3804132206
-265.6025879696
-516.7088839381
-422.2235786004
523.6060670797
-760.6738486892
-291.3602099673
-378.0327768792
-594.1648609882
20.9051789911
-338.6028626362
-874.2637409589
46.8459120457
926.1452070681
-394.2686239204
-120.5786309397
326.6396069216
-437.9100924711
-20.9051789911
-205.7252723777
-159.5812860500
155.5528427992
63.3259071627
139.0728476821
439.3139439070
-818.1096835231
-652.7603991821
702.3834955901
992.7976317637
326.5175328837
892.9410687582
943.2966093936
187.0479445784
-659.6575823237
-981.3226722007
192.8464613788
170.6900234993
352.7024140141
611.0721152379
968.6269722587
860.7135227515
203.6500137333
377.5444807276
465.1936399426
-279.1528061769
358.0736716819
-646.0463270974
283.2422864467
825.6782738731
964.7816400647
977.9656361583
-541.4899136326
21.5155491806
621.9977416303
41.1694692831
855.2201910459
-1.6174810022
413.3732108524
833.3079012421
-15.8391064180
83.8953825495
-225.2571184423
-210.4251228370
309.9765007477
572.8629413739
756.6454054384
955.2598651082
108.5543382061
403.9124729148
242.7747428816
-422.0404675436
938.2305368206
-2.7771843623
689.0774254585
142.8571428571
786.1873226112
63.6921292764
943.8459425642
160.4968413343
-46.2355418561
200.3540147099
-286.9045075838
21.6376232185
742.1185949278
82.9187902463
-767.3879207739
231.1166722617
-998.7182226020
-931.5775017548
-290.5667287210
332.5601977599
605.1515243995
-979.2474135563
95.7976012452
837.5804925687
914.3650624104
171.4224677267
-242.8968169195
470.9921567431
290.3836176641
827.3262733848
597.5218970305
45.3199865719
-277.1996215705
739.7381511887
204.1383098849
-723.8685262612
-367.9006317331
944.9446089053
-425.5195776238
-148.1673635060
-89.0224921415
-109.3478194525
-12.6041444136
-930.3567613758
266.5791802728
659.9627674184
581.5912350841
-649.5254371776
925.4737998596
-894.9552903836
-796.6246528520
-54.8417615284
765.0074770348
-295.6328012940
86.9472334971
144.6272164068
932.6151310770
954.0391247291
928.3425397504
306.8025757622
-984.0083010346
-892.6358836634
