20
S
-64.7175
-94.4699
-40.956
-87.3531
61.8727
-58.8211
-2.30723
9.65373
73.9184
45.1103
42.9009
-55.1504
-62.2311
15.3982
57.6442
74.2256
65.077
66.2908
-85.7171
-92.622
18.2933
-18.1806
-63.3275
-14.8305
-73.2207
71.6571
-19.5346
28.0379
-21.2043
10.2158
-79.1812
-77.2174
6.97035
59.7521
97.4497
85.2159
-11.3454
-26.0978
18.9437
21.2922
24.0292
-33.0411
3.64101
31.2603
-89.1655
87.3789
60.6257
20.7078
72.9075
49.5003
76.5377
-78.1659
-11.4213
-18.6669
17.4951
-24.5893
-6.82577
8.55767
-46.6003
56.4124
-21.772
-32.1406
49.073
79.1834
-49.5828
-44.8815
80.6846
-1.00842
-90.5625
21.7857
-16.6977
53.3885
-92.6232
66.2654
26.4632
-53.1305
50.434
55.9603
47.4525
35.767
37.5159
-6.30709
-63.8255
34.4954
-55.7531
99.2709
78.5539
82.8447
-49.4913
34.4676
-58.5083
-89.3683
6.88128
-61.7435
-93.7956
-48.243
-77.9868
0.039258
11.6134
12.1569
51.2667
0.933829
-74.1841
64.7219
-67.1071
51.5293
2.5169
94.992
-8.38901
86.0809
4.8303
-73.3563
-95.8638
91.7139
-61.4538
81.8447
66.7876
5.44033
86.1745
41.6886
48.7793
30.711
56.3237
6.40731
-31.4121
39.3875
21.1285
-69.8582
-43.288
59.2343
-50.9935
18.3625
82.1599
49.5169
1.882
23.2737
75.3225
-12.5018
-59.1812
43.7768
24.4345
11.3998
-19.8129
-62.3397
-98.5861
-63.1915
-88.1814
-83.0788
-5.12302
-22.4251
-26.6831
26.5113
-84.932
85.3984
25.0302
7.36864
7.93521
87.6969
0.927236
66.4265
79.6142
-3.68344
-43.5862
-5.62667
5.76283
-66.501
2.62371
16.9892
0.981778
50.7837
-56.0038
91.6846
-41.2559
90.8277
-89.5263
-97.4247
32.8087
91.6834
-88.0537
-97.6084
95.8379
-89.0685
-90.256
83.0119
-5.09444
-64.3703
-83.1063
90.364
-27.1612
48.8253
-91.2509
77.5667
63.2412
-34.5847
56.6234
79.0022
5.56542
-44.5733
-36.4914
-92.6545
62.8881
77.5207
43.8993
61.8466
-65.0347
71.1101
-90.9605
2.28778
35.7018
-71.8682
-6.90281
-35.1197
45.5357
-74.1982
59.6624
95.9611
6.40835
28.7677
59.3138
47.2529
-3.93118
63.8949
-27.7107
4.88116
30.9367
-26.1742
-9.44919
30.7485
-30.2718
62.7427
20.2713
-44.868
93.0135
39.2252
91.1185
29.4206
-38.6175
-94.1333
-75.315
-21.1511
-53.9266
62.1764
58.6654
69.0616
34.9848
30.6189
-75.0091
84.3563
19.1611
-21.635
91.9254
56.1
-73.4806
96.3524
34.5286
55.058
27.8262
1.4695
-58.2035
83.049
37.4201
-88.1119
-89.1193
59.3861
-64.535
-40.0576
-49.7868
-53.5332
62.2638
83.8448
-62.9735
-2.01031
-82.656
70.3686
-99.6909
-7.80337
48.7275
-25.1969
-78.8422
-86.3368
-21.9863
30.1458
-96.9543
-51.3855
-13.7811
51.8732
97.4616
95.9294
57.0411
-22.6874
30.8432
64.8893
-80.7493
-42.4907
-58.1001
90.0535
-75.5901
96.0813
12.0119
48.0529
9.93012
80.8423
71.503
-76.5153
-10.5932
-71.8013
37.0234
16.3026
22.9991
97.3288
49.1063
-77.3227
-74.6604
2.67177
-41.4326
29.9571
40.1515
-72.4888
-19.4197
52.6062
-46.1044
-39.4929
4.66065
-20.4891
30.9443
-87.0042
-75.4174
-82.1715
67.898
25.507
-75.4006
67.7412
-61.193
5.8801
-31.7769
-83.5135
97.1353
-53.4563
-72.3371
38.873
-89.2616
65.3523
-47.2253
31.78
-52.8892
4.8474
62.6865
78.3303
54.0767
-27.9151
70.2907
-83.4465
58.7668
-52.4264
-88.6119
28.8987
37.9361
-46.0264
-95.8085
18.9646
56.8249
-29.0523
-20.3794
-10.7387
95.868
19.6569
82.322
-44.9353
2.45289
-37.0638
13.6779
-91.9983
91.7673
-81.2892
84.9627
85.9777
-12.4281
-49.2464
67.5562
-77.419
-70.8988
27.3518
-20.4266
-18.8766
11.3728
-85.9308
-82.2621
-94.7275
90.16
28.2011
90.4818
39.2513
-15.2304
-2.16708
95.5965
-45.4965
54.1705
-28.6256
-12.6276
-93.4301