100
S
-63.7442
-50.5276
-46.1468
42.9509
-57.0516
97.4854
81.9773
-11.427
-1.05373
-59.3471
-28.5408
85.1786
-48.611
58.4002
-97.2194
70.2214
-59.1626
-3.09962
-67.5401
76.9308
-54.3049
97.4419
-21.5281
68.2395
-16.4809
-76.3446
55.6594
-28.3964
80.3026
53.0293
-47.0015
16.0975
6.78274
42.4418
-4.58108
-44.1149
-31.7621
31.4252
-66.4984
22.1953
77.4962
35.4784
54.3565
-50.9499
34.9498
-80.1373
65.2024
-99.3167
-9.939
14.6152
-4.70888
-6.5435
53.1237
-82.5401
-18.8886
72.8064
76.4939
93.6412
29.3188
-90.3656
92.444
-50.6176
14.4702
44.6925
-14.0871
95.7337
-4.2131
-54.4196
18.4505
16.0046
47.5527
57.0897
73.2895
59.6516
44.0197
43.7828
-60.1142
-69.4853
77.3357
-22.0577
-88.4147
-37.6487
-98.9682
44.3998
81.6167
6.54723
11.7878
29.5072
26.4323
-58.2843
-8.4416
-2.48529
10.8317
-10.1051
-3.79862
84.2037
-30.0169
-84.8856
-94.8465
18.4788
-75.0774
52.1909
-66.3163
56.143
-27.7646
-52.1857
95.1741
81.9964
17.0348
68.3214
-0.727723
-74.789
61.1384
-89.1425
-32.6986
-36.1689
42.733
94.1709
-48.8492
72.4326
-30.9485
55.1817
-41.7427
48.4579
-48.5633
-40.3998
-7.93083
77.8157
-12.9764
-67.6954
-85.4062
-35.7531
-37.6679
-29.845
36.4356
71.0216
75.357
-44.9204
-73.5743
-74.859
25.4118
86.3324
18.6984
-68.0904
63.7168
40.6093
-76.4751
-13.2214
-98.9759
-62.5881
-71.4108
-87.0968
-51.4014
-74.2161
71.9172
80.8078
-85.1674
-50.7298
59.586
-0.512382
70.4204
-38.0147
-52.6822
53.1535
42.1386
-19.1017
76.2786
-43.923
33.9812
0.31716
-72.8779
99.5776
35.4509
82.6325
60.0002
73.0582
43.4779
-52.2701
7.68476
-85.9739
90.6842
40.0314
-53.8368
16.5054
59.7091
-82.8634
-85.8395
-17.4026
-65.4552
89.9459
61.0144
-77.5379
-99.5243
-71.2022
80.949
33.0835
-13.2433
-28.5722
54.9745
-48.4825
77.7801
-80.3898
-8.77656
-42.8623
37.0054
72.52
61.373
-74.1862
-73.9871
21.0785
18.542
96.0482
18.5244
73.1995
-75.2832
-72.9662
22.1391
-20.3445
-48.7564
-81.2128
81.9742
75.0008
-9.13118
-3.58088
-35.6001
-94.4893
-19.0239
-67.0554
-87.8707
51.5678
26.3889
-8.39248
-59.6675
-90.5533
-33.0496
88.8072
21.4818
-29.924
-87.8114
22.1461
7.76394
-89.5484
64.3452
-85.7254
49.7453
36.5408
-70.6649
20.004
-56.0267
-93.2615
-66.4415
-8.41693
-35.6997
-72.0991
72.4192
-94.1907
-33.9236
33.8421
-82.1276
-2.3638
62.2257
-26.8074
-78.9265
-85.1748
-78.7635
75.7228
64.5555
-62.4418
-86.0389
3.74775
90.7387
-50.2236
53.3344
50.5912
-49.2125
43.2076
90.9734
89.4575
38.6447
-30.577
-15.6308
18.6735
74.5269
68.2537
-61.953
-92.3789
-73.3943
-64.2424
-5.16206
-44.7272
-58.3055
-64.6828
-78.4461
-26.575
76.8002
-16.2164
-83.9568
-39.0889
-14.7945
-47.3049
85.6107
99.8293
-25.8184
77.7905
-53.5362
25.1807
-81.4679
69.536
-54.0487
86.0634
-57.5329
60.5815
-26.6984
74.2536
-0.041732
-45.5743
71.4222
62.3682
-73.4016
37.7665
-20.0234
-7.60173
-42.7164
98.5594
-14.4315
-77.6772
90.9099
-72.0399
-67.3066
10.4736
-97.4592
91.9854
75.3587
75.5827
23.2698
20.6649
-70.5687
-14.3382
97.2563
-22.8396
-99.7284
-93.6491
-58.8419
-89.4477
-96.3012
14.0528
-17.4441
51.6615
-64.0864
-96.2467
80.0791
68.8122
68.9475
38.4888
69.7858
18.0138
-69.1009
-62.7051
19.7349
13.3562
35.7155
-21.9391
-67.641
-89.5439
-25.4349
53.7277
2.99967
-60.9959
-34.4975
-40.2445
-14.5941
64.8788
4.57799
85.8167
-21.6538
-32.8387
76.3243
-9.14718
5.55982
19.5365
-51.7601
-61.9273
-40.6701
-15.9637
8.6472
-96.9949
49.5969
-39.6861
-85.3954
61.1583
2.90849
19.4776
-83.7496
-13.6868
-57.8959
-98.8296
69.2303
93.1967
-40.2709
-20.8393
44.322
76.6273
91.178
74.0543
-46.903
46.822
-48.5793
-80.3644
2.24129
-39.3775
-7.7888
2.73013
-94.1283
-19.7306
-7.70356
-46.9921
77.1595
57.988
33.985
-94.4247
-80.1983
61.5585
64.2938
9.29288
-36.4108
11.2107
-90.1399
-50.3141
44.5566
61.904
-17.0429
25.1472
18.9507
-39.6697
88.4659
-33.2832
-16.9329
46.0144
66.226
81.4883
-74.8321
-16.2718
-56.384
-80.2584
37.7138
70.6646
81.6849
-9.52306
-86.5689
-33.1119
43.3705
24.8001
-50.7649
-80.4308
56.3448
-45.5348
86.0044
13.1365
80.0235
11.3124
-63.273
79.3803
-9.6803
-51.804
62.5825
-40.9871
-64.7729
-97.2712
-59.2225
-45.469
-84.0968
97.9727
-97.2053
-42.2866
-8.54501
-98.9418
33.1649
91.3421
-71.1595
80.9692
2.45572
-44.8445
-29.6412
53.0137
15.2364
26.2206
-34.3592
-19.8249
-96.6143
87.9817
80.1486
57.0722
-4.852
-82.6537
52.3773
49.4604
68.1114
80.6248
93.3716
24.6148
-65.7023
87.4988
64.4271
-70.2162
18.6886
-61.2411
-99.3118
-31.0876
-47.3143
22.2213
85.5178
-34.0316
-62.2175
-8.27765
64.1188
-1.10089
77.4663
71.0787
37.3751
62.9611
22.3024
-86.4173
-13.3578
59.6975
-35.3685
98.2237
-92.1589
-24.2212
90.8776
66.3489
-68.9748
-70.5104
-35.4775
0.0549501
50.9209
79.4926
69.3031
-8.51831
-32.161
69.2777
-35.3833
6.46442
20.6148
-15.1827
70.5357
93.3421
-33.0653
80.1866
45.5021
98.5741
26.2078
-84.2626
41.1895
7.16964
55.2496
78.6294
61.2744
22.354
-90.2818
98.0635
-55.7634
98.9314
-18.7334
63.1901
71.9328
22.7054
71.7231
-10.1061
-77.2541
-97.8938
-29.6676
-2.64955
35.456
2.43747
-21.5351
23.5895
-43.7433
-19.8294
19.7861
-45.4823
-93.4038
-68.99
42.2532
-66.0863
-44.8889
-28.4614
-59.8747
91.7586
-2.79236
-99.8757
31.1197
-36.5451
36.1333
-96.176
37.0837
-30.6109
6.14636
54.5625
-5.76012
59.2083
19.2819
-65.4554
58.289
-67.0928
-59.1392
-48.984
9.29798
-13.6342
15.136
51.5382
48.4321
-7.82978
-27.8567
-72.6577
-3.29482
-45.8797
30.4108
20.8844
84.6039
-6.78865
59.0302
-50.5737
-86.5474
-91.5915
55.3223
-28.2283
77.9471
72.6094
34.508
-29.9302
-65.9881
87.6623
13.9201
-97.2126
-55.5179
-46.6144
13.8904
5.56131
24.1422
99.3837
10.1465
15.8923
-34.6276
-10.4326
-23.7182
70.3781
93.0466
65.3453
-75.4714
-90.7212
-63.7458
27.0925
-28.5449
-68.034
-4.84
20.152
88.8059
-80.1896
-83.2797
25.9486
1.83208
78.2407
-23.3816
9.71156
67.5185
-94.2458
-90.247
-16.6872
91.7788
-18.7554
51.0236
12.5164
-78.7018
-35.8104
65.6855
48.7059
-32.1892
-52.8472
79.4541
-11.0066
58.6515
67.9624
14.1009
-85.6319
56.9613
79.4164
-44.9317
24.3775
-13.1745
-85.7957
37.7234
14.0527
77.2568
3.09477
-71.9031
87.9342
-25.9187
-97.067
78.2894
-33.4357
92.1161
-70.9504
-89.2354
-28.1399
99.7801
-34.352
-15.49
-21.0902
-95.6343
24.7094
-89.5666
55.7165
19.1133
62.8131
-65.6047
1.95017
-38.8426
-7.05531
91.4093
-60.5977
-24.0022
75.4917
1.91662
73.6693
70.5208
96.4588
-17.8927
-47.9801
-95.4852
-0.583464
47.9813
87.0276
-71.8058
-73.5093
-37.4095
-66.1655
-45.7626
-83.395
-69.5098
-53.3449
70.2529
-53.9458
43.7245
45.5783
-40.4319
-18.6661
-62.6532
43.4607
-32.4822
-64.9765
-66.3454
82.5598
78.7259
-95.6088
55.153
91.9503
64.6901
-8.72299
-25.0974
-60.8484
55.605
-35.1009
-59.7615
42.7396
-79.3851
-36.5571
78.4539
2.47563
95.1294
92.11
54.364
20.9403
3.02113
-63.1067
-67.9778
25.2329
73.2016
-52.196
19.7346
-37.7263
-70.4238
-57.3083
-59.0544
-76.6344
-70.3188
48.4088
-4.03122
-72.668
-86.6923
14.6292
79.8989
-65.9036
-98.5595
-20.2157
-29.7267
33.6855
61.7532
-99.0462
71.2797
32.9927
-73.6604
-70.2701
12.6039
-66.4853
-15.7577
-8.92583
-75.7778
47.0079
-87.4452
99.1585
17.6073
-2.73818
90.0806
58.1893
77.8699
46.7621
39.4068
-13.6603
-68.7491
-93.1986
-39.917
75.7334
-12.745
-89.3343
-26.7827
-39.4744
21.9045
16.9327
-19.9135
-19.436
64.3556
-7.57681
-71.52
-90.7712
-1.82823
-76.267
16.3418
25.2124
-65.2713
9.39928
43.2625
-86.3059
44.6789
35.0266
-80.1412
-60.176
19.8069
69.8426
-10.1648
50.1285
84.3495
90.0956
-17.4562
35.9804
27.0556
-68.9072
-32.1518
-52.7686
-14.1922
-62.8424
-75.3086
-49.2306
-4.62274
-62.1835
53.7666
62.2448
-52.8376
-78.5654
70.3998
-40.3265
99.8015
-98.3559
9.11882
-82.5397
-75.7827
65.3413
-53.8466
49.0367
-40.1074
17.4112
-2.16215
12.3107
-81.9493
50.9129
27.5908
-80.1667
45.3664
-21.7873
15.2201
-61.9424
-20.3488
83.4538
-44.4594
-3.43392
48.8089
66.0439
34.7526
-66.5178
-95.6123
-13.2368
-99.5382
-43.1786
-19.8739
-16.1838
20.1534
20.4324
-33.3149
39.7121
47.127
52.6982
-56.2131
36.9391
23.9647
84.0142
-35.6295
-8.91998
-23.6086
3.88264
73.8371
-36.4707
83.6625
-67.0666
-78.8515
-18.2257
34.6799
35.5789
92.1834
65.2058
93.5224
81.5618
53.471
-26.6944
-74.8425
86.9172
78.6605
-69.5952
-46.3656
8.49972
64.5792
85.1363
85.3344
86.4053
29.9966
-24.2578
-78.5572
-30.0194
-53.894
-8.41318
-14.5069
53.9532
63.163
-68.1717
74.0902
86.1198
-86.7503
61.4131
52.64
26.9944
27.0171
-52.2574
67.9109
23.5587
71.9363
13.4926
-73.2958
-57.3229
-38.1822
75.9563
-62.2308
-76.212
61.1285
35.8312
-62.5415
72.2684
-46.533
-14.6949
51.3823
-81.0225
-4.41083
-87.0843
-65.2995
-56.6696
-1.5912
78.8188
1.17124
-48.2772
47.9818
84.4504
38.7774
28.5834
-61.8729
36.4423
32.6509
48.0882
-26.9799
-96.1939
34.186
-93.4893
-74.4169
79.4592
53.9936
-6.15675
-20.4613
-29.0632
98.5937
94.2471
-54.6845
-60.8495
-78.1796
12.1857
93.2118
60.1723
90.2942
30.1428
-64.8807
34.8163
4.239
74.9537
82.3994
-96.1712
20.2456
25.4389
-96.8302
42.6906
97.517
63.2827
-11.5801
-82.408
-9.90389
-30.7722
39.2878
59.2281
16.1814
-42.2648
17.3162
-93.7762
81.9708
-86.213
-66.499
-88.1718
12.837
-1.57394
-57.5294
-88.0582
31.511
-22.3263
71.7344
26.9896
58.2072
-40.0657
17.443
-45.3936
-63.3373
-29.5965
-14.0943
-5.17887
83.2755
-78.4481
45.9398
90.6373
38.2501
-77.5311
89.1071
-96.5764
47.1511
-99.7796
33.6517
11.6272
-61.3561
-85.0602
55.9024
82.5935
99.2785
69.0877
-56.6994
-18.4683
41.6707
92.7972
12.984
-15.6885
98.8159
-90.0365
87.6026
-38.3214
-6.7639
81.6967
-44.1612
-92.0389
41.2984
-9.10109
68.4453
-6.94566
16.0863
39.2942
36.0473
24.3101
-30.0239
40.0215
19.1474
31.7204
-47.6169
37.581
24.0855
-20.0665
41.7648
53.1605
-1.3433
56.1664
81.6939
60.9606
-19.9213
41.0498
-77.9094
-57.9034
66.6739
-44.7528
-57.8871
-3.87797
-70.2737
1.00199
80.1722
-31.2481
2.08148
-19.0415
18.8359
-76.2626
8.23081
-13.4601
9.90095
12.1075
-50.992
86.6694
-20.8779
31.3295
97.4301
66.6636
-0.0534326
4.42306
-30.4426
74.8934
92.8576
9.37024
4.7956
98.977
-19.4744
66.2345
40.6664
-15.6207
13.1069
-11.4343
-89.0723
-5.59296
-47.6023
51.1495
-66.0413
-50.6978
-41.5095
79.6232
-42.6343
7.48094
61.2366
67.7706
-65.7877
-77.8254
-85.2667
-98.96
-96.1595
67.2766
41.8433
99.498
90.464
10.7404
-59.6743
-22.0524
-61.2961
-21.7699
-59.8605
-37.7789
-85.454
-0.166434
-7.55007
59.3438
87.0655
-50.2554
-46.3019
72.6186
-45.9404
94.0094
-37.217
-31.4278
23.8162
49.8043
35.9664
-95.8154
75.2344
78.5033
-67.463
-9.22778
-70.5027
-46.0571
-33.2318
3.60181
69.6376
-48.2405
-15.216
-77.7379
29.0519
-54.5771
45.2947
79.6032
-94.5452
-43.9226
-34.6935
-79.6708
70.1568
-66.4504
-73.0634
-0.74534
-1.92956
-56.8123
-2.74492
43.5164
-42.2995
-86.3889
17.4008
-19.0432
46.969
-99.5307
-31.236
-26.5129
-77.9697
-64.4747
38.9362
-64.6513
76.2763
-45.0446
21.0569
6.54481
93.8993
9.75231
34.1287
11.8787
52.9813
91.5942
-80.6518
92.4311
28.7582
52.675
-16.585
74.9211
-3.67401
2.01029
83.5944
72.4084
-92.5786
-70.3122
40.2745
-17.4964
90.5981
9.17238
46.4677
45.8512
38.5364
37.4335
-0.195063
38.7744
-84.6071
-74.0447
60.768
-61.053
-77.0023
5.38897
78.6028
65.9776
0.861991
-61.3761
-74.59
11.6344
-79.8879
-44.4171
-76.4935
-61.7089
25.375
2.56423
-52.0752
3.09125
81.4977
25.2565
-58.0367
-86.6936
8.97883
-83.3409
16.3298
-99.4526
87.8427
30.6493
-99.598
88.3511
-83.2207
59.0142
59.6618
-31.5043
-73.1767
-45.3826
-64.674
-66.6214
-89.9294
21.099
23.2874
-24.0101
24.6661
-41.4828
0.583209
-51.7665
47.8902
13.5472
62.9633
-13.4817
-62.3566
-79.0107
-74.4908
55.5226
63.9041
-9.63565
-66.9914
-84.5373
-0.818225
8.70051
-8.54085
80.5784
81.1239
-26.6178
78.5881
18.3188
-69.5438
-66.9783
6.92666
53.2435
-2.31848
51.3056
62.6815
48.0462
-92.0645
-31.4376
-3.53113
56.9241
90.0738
-90.8587
-42.8547
97.8783
-40.1202
88.8979
97.9211
-79.3706
-81.3721
-15.0881
-27.4213
63.548
94.1967
-39.2262
-38.11
-62.6586
50.7138
-67.5437
40.7231
-64.7891
-16.9907
2.30159
-63.8059
14.3339
-59.8159
26.5131
-10.5124
10.549
81.7712
-56.6857
93.0412
8.58438
29.3898
-30.6706
58.1966
-30.8457
98.8913
82.8688
-27.8951
28.508
40.9475
2.89341
-94.5542
-71.3132
91.0558
-8.85295
98.6835
-16.3763
-56.495
-66.1539
-0.502308
-83.2256
-50.6805
-26.8941
27.0759
-90.1191
57.9912
50.8043
-74.3002
-14.2205
-54.5057
-7.89149
79.2283
44.9397
-49.8344
58.7491
-19.9136
-52.2752
-39.1409
99.8304
89.2349
-37.3635
44.1924
-80.222
32.1735
-92.2473
-60.5811
-21.3682
-0.82018
-92.1643
11.2852
-85.2532
63.9508
-15.1493
-46.8749
56.9411
25.2844
9.87748
-50.2602
31.9789
80.9275
-17.2458
-12.2574
88.9782
-9.19352
74.5622
6.6002
40.5757
-93.9369
-23.0004
-33.3346
-95.607
51.5883
84.6878
-2.21381
41.7883
-11.8052
-94.3041
75.0802
72.8176
-61.3166
51.4689
-7.38905
79.7244
-85.3373
-4.21906
-74.4067
42.5801
48.1584
18.1625
50.0754
87.4309
80.285
89.5024
5.38321
76.928
-25.6033
8.44142
-65.8707
-82.8625
67.0265
-94.8903
72.0927
-49.1696
-32.2914
54.3321
16.1799
-72.5525
2.96035
62.1785
-29.1082
-61.8197
-46.4313
-93.859
34.6729
-52.8587
-37.6405
72.2718
-3.58126
-53.8061
90.5403
43.5127
-69.5046
-65.0088
11.7142
-89.7244
-49.6342
-98.4305
2.59922
-49.7462
71.723
98.2522
32.256
36.3754
-80.2943
-91.5553
-24.6551
2.61476
-54.9896
44.6859
-70.2796
-65.1374
50.9617
-70.5264
-68.1097
1.47731
-75.0394
-35.4178
71.8973
89.47
66.6573
3.97705
-55.1512
34.1459
-98.8564
-54.6828
-89.2954
30.8296
-84.2577
65.6364
51.7089
-85.5592
2.9627
-87.8384
-3.83178
-11.3859
-29.2005
13.8356
14.5347
-15.2996
89.9161
-41.1104
43.2973
-90.1268
97.4498
-28.4602
-63.2584
-70.8401
-21.1081
72.5202
-7.26431
33.4983
74.3605
4.76957
-26.6121
63.7213
41.8453
-75.0501
-66.0566
-27.1422
69.817
23.5807
79.6546
-8.3636
92.7194
8.68915
-20.8931
65.5521
-12.4632
58.9037
26.6008
-41.1824
83.1448
-39.8717
-70.2343
79.5982
91.0178
-32.174
55.2412
96.0967
-98.0427
37.6737
40.1034
-96.5684
56.2726
-28.4478
-29.3024
-65.3651
-78.335
59.9275
49.6982
-93.1623
54.8054
39.2701
50.9063
-58.419
-71.2634
-70.912
-93.3039
-76.196
92.5095
-22.6271
-80.2219
24.6661
-34.4633
77.5744
3.55618
87.164
49.3819
-82.7618
-67.9379
68.0999
-23.1252
20.4678
-31.4423
-62.9066
84.6962
46.9042
56.9013
-61.5452
52.6771
-42.9848
-73.2482
7.97869
86.6665
64.5052
11.156
-92.4965
-84.7265
-90.327
75.3063
-15.905
-68.3788
22.7622
33.3968
89.5421
55.376
-73.0885
-59.6546
18.9848
-33.6126
-72.0704
-34.9663
-18.6928
-29.9721
-45.6872
-42.2714
-76.2699
91.2645
71.1987
-5.53256
-28.1744
57.4803
-46.4888
3.90119
44.2342
37.4462
56.903
5.71705
-62.4569
93.135
77.9691
-59.237
52.5868
21.4233
87.2737
87.1783
-77.8282
-2.31714
48.4412
59.2818
63.5885
-60.8587
-98.7572
-30.0137
-78.5956
-90.2089
-98.5275
49.9476
-73.7465
22.2068
-80.8221
15.5056
-87.1249
-16.8633
15.612
6.20579
43.6969
92.5167
56.7389
-63.9089
76.2048
84.424
19.2565
45.8553
36.6501
-10.0334
-34.1555
-68.9625
52.9349
48.3469
62.5006
-45.723
14.383
86.7556
96.2361
-2.53466
-9.30737
-24.9428
-27.3658
-62.8611
16.9194
-83.3996
58.8463
36.6796
93.9368
36.589
-90.2352
5.04355
40.8767
-25.8393
-42.3643
-13.9534
2.11085
-78.441
-48.1427
31.2926
36.8414
-54.97
-44.1817
-48.3046
-22.1968
72.8592
53.7802
80.4798
-29.3555
80.0962
-99.7495
-95.2606
97.5046
41.489
51.3735
70.0031
37.4676
5.93086
-40.1153
-53.6409
-3.07735
-56.975
-22.6201
-37.7616
52.1156
-42.3498
29.0507
-53.6959
93.8214
10.6375
8.03377
23.7894
75.7786
-15.9137
-25.0171
65.2952
96.6125
-80.6633
98.2219
40.7538
41.8785
25.3694
10.3052
-21.912
-84.6874
18.8558
1.88701
69.7178
93.6125
20.388
-95.1418
91.1701
-81.6199
-61.3169
-32.8719
-0.602976
-22.1099
20.9298
-55.8395
72.8974
47.8034
52.8954
-79.4235
-74.9561
-37.3687
-63.4129
57.4141
-17.8606
-20.5282
64.0038
11.5178
-88.4854
88.7864
38.5642
6.61759
-12.8895
-91.9283
-82.9666
9.39579
83.231
31.7157
71.0794
-26.751
39.8666
-39.2853
-15.1884
38.174
-89.5949
27.9797
-28.8751
-98.3848
-84.0151
82.7635
86.4077
86.0607
-64.7672
19.4687
-95.3992
0.633297
68.4169
-43.1598
-10.8693
-18.815
-2.3314
9.22237
-19.8293
-50.4152
90.9071
-24.6071
-88.4396
-84.5709
39.4089
92.1721
-48.1036
41.883
77.5876
-57.7514
-99.3637
-17.1758
85.2246
92.121
1.03782
28.9733
-88.5772
-27.1183
90.825
-23.2245
-87.3971
-47.6391
61.976
-54.7007
-25.2951
-61.994
-63.3311
8.52766
95.0998
67.4815
42.3876
-52.5391
-78.6942
23.1168
-14.1554
28.1203
23.4219
5.52191
-87.9561
-31.1488
41.3464
92.5121
47.6138
-3.4555
98.636
-75.8408
-79.7418
89.6283
75.5994
-58.1988
90.0533
58.8003
-29.2651
59.4757
42.29
74.9891
-76.7703
26.5933
3.31261
-74.0016
-26.9306
46.2048
-50.7771
-90.3062
-44.8855
98.7997
0.253871
5.41459
92.4675
-8.23234
6.59584
-42.5044
-68.202
37.3053
99.4131
-77.4374
-28.3702
13.6746
38.6361
-30.1706
-2.20133
2.20827
-57.4707
60.216
18.5745
-35.1144
-57.8762
-92.5458
-79.8092
-70.4706
-48.1097
10.2905
-19.8399
-81.6108
44.9963
-83.4311
59.9547
-43.3179
-68.3285
39.242
-40.9507
-35.8038
83.9275
8.61738
7.51809
51.5177
56.4745
9.17509
-66.9937
-41.9402
7.17229
31.7281
-53.2605
-49.2084
-81.32
-52.5984
-92.6784
-64.9141
-13.8892
-43.7673
-45.1105
-63.7156
56.789
-0.476072
34.6811
-27.0578
65.0391
72.5431
68.4539
88.0434
64.2547
-47.5875
-93.7905
77.2615
-21.2135
29.6032
-71.5738
-63.1471
-42.4455
74.9611
-73.0942
74.0998
-79.5448
89.1468
35.292
-36.0511
86.0348
-37.3782
-11.8061
33.6983
-5.04138
-85.2445
1.61384
41.8379
37.3504
-28.7244
-72.3314
98.8623
-75.912
24.3892
32.8492
-93.815
-6.32834
67.2143
-56.7653
-27.5151
-57.1317
-61.9539
-33.7772
-37.6427
-11.0757
14.7487
-8.66732
-51.4563
49.6847
-58.5755
59.7232
66.1401
-89.2167
45.1226
-10.1615
92.073
20.8147
88.8738
-87.5327
-76.3587
-58.5218
33.3504
-36.2066
-96.804
97.0712
-73.7129
-83.9112
90.075
-6.04166
28.1876
50.2813
-64.0073
79.7458
51.2843
48.9078
-64.0358
-56.312
81.4582
-41.2464
-82.1005
-23.2328
-82.1293
-63.0571
-23.2014
91.1866
23.0474
5.05469
56.4633
1.09596
48.287
-70.7471
39.0417
-93.187
19.9392
-23.2433
-44.0993
24.1932
36.1343
-12.5729
38.7625
-16.5357
-30.5343
-76.5655
-11.0882
-76.2706
-78.8749
-17.2051
-50.7899
3.66548
94.1731
-12.6614
-23.6611
12.1008
-38.2344
-67.6271
21.8594
72.1598
-47.642
-63.1012
-8.71438
34.4437
-99.5676
-49.1132
48.3447
54.322
76.689
-40.025
64.5399
-92.784
90.8173
89.1445
55.9609
79.8354
-31.9869
-49.0767
20.1444
-98.5309
83.5911
77.4485
97.7543
-27.89
50.5902
-65.2919
40.1018
50.2084
-74.611
-53.9222
98.028
73.5201
64.2946
-5.90293
34.4934
38.9338
37.8243
-22.6695
24.1501
55.0579
24.5604
95.5862
-82.6039
-68.6871
-42.4067
86.8401
12.3604
20.272
-22.4951
-31.0283
3.50671
17.4691
-87.9725
-67.4601
47.0056
-53.7445
-55.3962
-30.1489
69.4994
-53.5449
-73.143
82.8338
99.368
51.3257
-4.95827
-41.7376
9.47911
-23.2557
39.65
-31.6742
99.6229
18.5185
-80.4462
-27.97
21.5064
-97.7856
-78.1461
29.2658
-92.9148
25.9715
9.95765
52.5662
-39.447
85.3764
65.7916
45.6712
-69.9781
92.3375
-53.07
52.5886
96.3996
-40.7044
-16.9096
66.6466
-82.7867
-76.1463
-0.752073
66.8841
29.2002
22.5881
2.80226
46.1795
-31.5959
-67.6597
-60.0786
-62.6451
15.1885
-15.2385
6.12255
-46.5506
-9.53434
-16.107
-38.5468
-22.6203
-49.3671
-69.4416
-98.3629
2.8009
87.0631
54.41
54.5652
93.1847
72.4577
-13.6371
-68.4811
36.9797
-59.0499
-14.0247
-86.1818
88.6425
76.9366
-69.0339
84.2617
38.2643
14.6157
65.9372
40.9212
7.55926
96.2814
-47.7203
-31.3167
-4.81524
68.8133
72.6895
22.2005
-55.2451
52.1298
-50.0466
63.0103
51.7568
74.5437
54.8655
-47.1204
49.4714
-80.5413
-91.2934
-62.2305
-4.83413
6.43023
-99.9506
19.9826
57.7082
-44.3879
26.7508
4.89671
72.2962
77.6811
94.6599
-39.7611
-30.3976
-66.3448
86.7582
33.688
-41.4544
-97.9374
92.3024
95.2891
94.0524
21.7748
-17.7947
57.9881
-71.4203
-12.3105
74.0228
23.2931
-63.3076
42.0165
-75.3198
-90.4991
-94.77
75.1938
56.0437
31.0435
-37.1038
-79.0578
-32.4472
-77.9378
-8.73212
45.0282
44.6651
-58.2021
-56.7398
-48.6793
-34.6512
99.8159
61.4523
-52.1849
93.5668
29.3309
-45.8056
88.7506
85.7654
60.2265
82.1273
-57.2335
64.9954
89.214
-82.1742
-61.1769
67.773
50.1551
-25.2711
58.9264
-85.6191
-93.8297
-91.7625
-53.1854
-96.8739
37.4333
54.7848
-26.9868
24.9594
-22.9281
88.8302
65.5058
-91.1585
-84.8315
70.6102
-42.2743
-21.6424
98.0884
-97.9116
65.783
-12.3058
-59.9639
76.6067
66.6251
20.175
-75.372
6.19526
-46.6139
-54.6465
88.8666
32.4756
78.8103
18.1192
33.2068
29.4434
-43.9743
73.0812
37.1453
-15.5051
-92.8984
48.0686
99.3503
17.566
89.8416
60.5532
34.6352
-78.9635
-15.4396
-11.1105
-87.7741
77.899
-41.4789
72.652
-64.5148
-23.9448
12.7977
83.3373
32.6414
49.3385
47.3039
13.0622
55.0481
-97.175
65.5318
-84.7698
-7.28316
41.836
-75.4701
-32.3869
-35.3992
65.0921
-83.3786
-43.9717
92.8967
-69.7353
-77.7475
78.5753
-8.7869
-55.2951
-47.0638
-9.66951
20.7455
-21.3705
12.654
-4.23484
-32.6707
-31.3991
80.2195
46.6033
84.9625
11.2278
67.0678
24.1727
10.8497
35.7107
-99.4891
39.1349
-42.8405
42.8841
-47.2177
17.24
97.7761
28.6581
-52.8881
-69.9516
-32.8863
-9.51659
-5.77066
84.9009
87.138
28.0845
24.577
75.1097
-26.4092
-14.8087
38.4451
65.7108
-49.3291
-48.3791
63.6197
-93.6927
-28.5136
-81.999
96.5644
-17.2366
97.3905
25.9489
-91.5861
77.8176
-44.5878
-88.9486
53.7356
-19.3291
-72.8313
18.895
-48.5147
-76.3424
-33.6782
69.4273
-80.6645
-74.5893
-18.9895
16.7046
63.7213
64.9559
-7.55668
-14.0159
29.6219
-64.8278
52.7621
-48.951
-93.3733
-92.1899
66.5773
40.4713
-56.2726
41.0979
-37.0444
-32.9289
48.9156
-90.0809
-51.583
-90.7586
12.6647
-36.4965
-99.9658
20.9471
60.7403
81.387
-48.9146
94.7614
-21.9284
-26.5418
-56.6641
-55.4472
-17.0122
22.8308
-76.7173
-37.7556
99.7302
-36.0667
16.9789
-53.2929
31.3537
60.4678
-93.677
29.5252
53.204
63.8989
61.2813
56.093
-74.4119
90.0048
-92.1563
7.68775
-29.2212
66.6414
64.5505
8.05612
53.4674
40.0007
-81.5128
-69.018
15.7303
-44.7112
-67.759
-34.0783
-57.0855
-24.2998
-45.9191
59.4411
21.7118
-89.9836
-14.2777
40.7147
99.9254
76.9388
64.739
49.5789
-70.662
-56.2388
-40.6956
70.7097
-64.1077
33.7858
-35.6052
56.6704
-82.0668
50.7356
45.511
55.1061
-85.6443
14.5595
-11.0515
-57.2799
-59.9899
-71.1547
25.1044
-48.5244
74.0319
-20.5939
41.2623
-33.0338
9.36481
-72.8862
-63.8421
-60.0931
15.8098
-8.28915
49.6831
53.379
70.4701
94.6496
-67.3465
37.808
62.4782
-49.4751
-54.0148
27.587
-37.3455
-20.6086
33.1178
68.8149
-11.5685
-76.487
-31.0233
73.9997
46.0295
4.68851
75.2279
48.7561
26.6893
-44.9625
-5.38196
-29.1918
-43.1836
13.9249
-20.6011
94.9292
98.9517
23.6869
17.5047
52.5952
-71.1441
24.1553
4.05458
-55.2672
-54.2497
4.32843
-24.0584
95.8442
-67.4859
-49.1164
-42.2545
-49.5553
-80.8027
64.2254
33.7402
65.2921
-89.2445
-82.8453
-90.6243
-47.7058
82.6521
-5.20013
-90.6021
-22.3698
34.9206
31.7711
46.3219
42.7495
10.5499
8.3986
55.7433
19.4466
6.42324
-92.6111
-52.3378
-70.0133
-89.9717
-9.12595
-65.9142
89.6018
30.2589
-67.4323
-48.6938
12.3535
-6.82908
42.7206
63.7936
-34.1819
89.9701
-25.9916
-25.6199
-37.5985
-96.2147
-69.6712
-18.4644
-2.82079
-81.8418
40.5657
-94.8704
-54.8315
-97.4732
67.569
-57.9586
9.34325
80.2943
75.6394
-14.8813
71.2788
-67.3271
-94.3593
47.1164
-49.462
42.4542
-90.2073
-73.8015
89.2882
-43.4352
74.7063
-80.9838
1.94377
11.0273
72.4516
91.5197
-34.1746
-95.4097
32.4071
70.4872
97.9722
72.8081
70.2202
-72.6332
-22.8144
16.9387
60.3339
45.4037
46.9286
13.8894
-62.1259
62
11.415
-30.8561
-3.30635
-6.13629
39.6457
-18.9772
-17.1386
-55.9632
-96.1785
89.6907
33.6676
-21.7002
-90.0563
-52.8592
-25.2974
-14.6359
-59.8089
-97.1427
-67.4703
-59.052
16.8234
-56.7399
12.3817
33.8018
56.9745
29.9583
-77.29
-82.9062
-51.0373
71.5948
-87.8379
-3.52481
9.17496
-71.2668
27.7528
-57.608
85.3803
19.6672
18.0906
45.4035
-62.7125
-46.6309
32.6278
27.1059
20.1014
-79.7825
-30.2413
63.6607
-63.4876
-45.8898
-66.9943
21.3851
50.7831
-49.1162
99.0807
-73.2554
11.3579
-1.70175
7.91361
59.8526
40.8885
-35.8028
-9.04592
-7.95149
9.54415
-87.7706
87.0358
85.464
6.17381
-50.8283
12.0071
72.5362
59.3896
-89.0382
3.90501
48.7103
-55.5216
-20.8915
-67.0105
23.3685
65.6351
72.9917
71.4489
0.808279
-71.7023
83.8331
57.7445
-81.0656
94.9306
-85.1126
-30.1987
14.9945
44.4982
-63.5409
43.1022
-18.5978
87.7055
-56.2296
-97.4767
9.01406
55.8751
-20.0111
74.0706
-12.6063
-7.68446
16.9176
33.4221
-65.5562
-25.5466
20.4029
54.1313
-79.3187
-66.4739
58.1749
33.7523
8.82618
-11.1977
-89.4986
85.6608
10.8035
6.32735
46.6801
-58.9854
-73.8416
-31.2129
22.4099
19.6207
75.1059
-84.9956
5.05071
-18.2457
-63.521
-32.4582
59.5226
-68.4912
-59.487
84.2278
-40.1149
-6.62485
17.695
11.5617
40.6272
96.9871
15.337
-21.3064
-29.5393
-81.443
-49.9708
8.90776
40.6664
15.1351
-13.8905
-32.2505
88.2221
88.265
-59.2749
-57.4083
-72.0374
-96.7341
95.3353
15.0774
-33.9044
-53.9435
-60.3841
91.5825
-21.8269
71.4649
79.4178
29.2498
10.6139
-81.7177
-91.04
-46.7844
-15.3935
-61.0315
94.961
76.0844
68.8479
-68.6442
-48.574
52.679
95.2049
79.3673
7.10783
-65.6747
-30.0916
26.0935
42.6146
74.2983
-41.8495
1.31688
-68.111
-40.5594
-67.9438
21.2486
-37.5969
-30.3413
-5.13444
-91.2839
40.4294
-50.8804
96.0514
-12.9609
27.8432
-26.7958
35.4906
-33.4909
25.5763
-22.7076
37.5971
37.1858
-68.84
75.9951
-96.3291
-93.1319
6.48025
-52.7465
24.6635
84.2097
38.4498
-92.5688
-38.8983
-81.4784
95.2287
13.8074
-20.3967
-91.2449
2.78395
6.03166
-91.5711
29.1053
33.7707
6.9571
-37.549
-58.214
-48.0964
-20.6803
-16.9431
57.1427
-72.7974
52.5482
-72.6127
-85.28
12.5664
29.0754
-27.9012
42.8239
-35.7522
-52.7949
-77.2941
96.808
71.7131
61.2451
85.0193
82.58
14.9088
67.362
20.2681
60.3973
22.1225
82.2517
-5.52441
-11.9644
87.4501
-21.4709
38.91
21.3334
-12.9451
-40.757
8.58204
-79.5334
-6.23363
-30.6739
-4.91273
-67.6037
96.1828
12.6774
-44.6637
-50.1364
53.8076
-14.2066
-45.1357
-52.9803
-5.55746
-85.2442
-23.7238
-13.1409
28.6255
80.3953
-75.3846
51.581
6.67923
-92.1718
-28.1474
54.2664
-29.0466
43.9205
-79.4098
-75.0019
-4.20174
-52.8406
-14.6225
23.3469
35.2194
-82.7656
49.2889
-85.6043
-4.88579
-32.8672
-85.4154
-42.1853
-56.5658
-53.0448
-12.9515
-24.527
5.10873
85.5524
4.51454
-21.1887
-58.5911
-88.7433
-90.1893
16.0458
-71.2284
64.2061
91.014
-96.8416
-59.1136
-8.18614
55.336
-92.2881
51.0369
37.5327
82.8574
52.8895
-6.37994
59.9928
69.4552
65.7907
41.1285
-33.1734
74.9364
-63.616
61.0192
-85.9302
41.5185
95.3962
-33.9627
-62.6216
6.59161
46.3687
-56.4578
-96.3432
-1.92648
92.2766
-26.1332
38.236
24.2037
-9.6097
-86.9791
19.6344
93.9664
-32.9955
35.5327
92.8613
74.2129
70.1161
73.8715
-77.6795
-23.9567
-18.5239
61.5294
64.4718
-94.3
-90.9765
-91.856
91.1189
43.804
-76.4018
-20.2413
-33.1309
41.7357
6.35402
-31.7343
-39.5996
38.388
2.35399
10.2706
-23.2022
-34.9213
69.8175
-87.4926
-82.5656
94.1613
-26.5718
83.7158
16.9393
70.8573
-32.8076
51.9361
-53.9106
23.1495
91.6566
22.2299
-50.2489
41.1342
71.717
84.5902
23.2122
19.3821
-24.3942
-13.6463
-11.4561
-68.7123
-75.7718
7.67313
-57.7671
60.0086
-23.1941
90.8982
66.3333
15.4352
64.3291
-32.3093
72.668
-64.7591
83.4639
40.8523
9.28349
20.0948
-53.6802
59.28
-87.4263
-98.0931
-70.2039
56.5733
66.3075
-55.0048
-60.9689
-54.4969
76.5309
-75.7625
-30.2389
-88.302
-5.41181
-43.5664
33.7403
-7.16774
-34.3147
1.93084
-67.1982
-7.11134
70.7521
8.09685
21.6416
-82.5798
-58.7337
42.4041
-75.0303
-71.3468
-3.7646
77.4729
-87.4998
-53.5733
-12.6417
56.1587
-85.7982
-13.6486
-31.5529
17.8836
77.8968
-81.4205
-2.36224
61.5137
-18.0666
82.6742
80.7089
64.8948
-34.7617
4.54888
-4.39567
41.2994
-9.49446
85.1434
68.5418
49.3091
47.7632
-70.2459
-90.9437
-82.6218
48.2412
-37.5112
-68.7394
67.4257
-66.126
-9.25224
-40.5226
24.9646
87.1798
65.266
2.82143
-37.8524
-38.7445
57.2088
-56.5934
-8.3649
2.75968
-53.7904
-13.1577
93.9343
-61.1419
-34.121
-23.7096
56.696
-82.5541
-91.7158
4.68934
-45.1981
-47.2597
79.245
-60.0901
74.5083
-65.1314
-77.6874
31.768
43.6795
-60.0992
-79.4839
-51.5349
-83.9151
-41.2468
-57.839
-74.3243
53.5664
-39.5158
-25.6371
80.469
2.69962
-97.5487
-50.0437
-93.9632
-12.0095
-75.6724
78.8388
14.5061
-26.3512
-33.0265
38.8937
0.625293
-82.0084
3.18259
-12.7394
47.1126
-64.6426
-31.0306
-66.0083
-55.1584
-30.1364
50.9091
50.1167
14.6958
71.4225
-59.3032
67.2447
-75.3419
29.0473
55.4294
63.3574
-77.4515
21.375
-39.9842
32.4702
-47.9769
10.3356
32.6657
27.1098
-48.8896
57.7559
-63.6396
19.7474
15.6869
7.05745
-33.4309
93.3148
-57.1978
52.6165
93.9748
-31.1749
9.58856
66.0108
40.3267
15.8518
11.4438
-88.9297
-37.9041
55.6855
-69.7929
51.5691
40.6229
3.13363
-7.0273
-47.2455
-23.6033
-55.116
-13.4311
-54.6728
59.7175
-10.6348
-3.23312
-15.1019
-61.7099
37.2361
-55.87
63.1519
50.6637
15.7827
70.2688
87.2887
-15.5755
9.06861
-8.2474
27.9244
81.3367
-80.9287
-74.5219
-54.1295
-64.0546
66.534
56.9986
-63.8922
48.6024
-5.69152
-20.15
64.9869
-41.9174
72.6051
-96.6014
56.9105
-92.5755
-64.1599
81.6188
0.198773
70.1686
-33.2519
34.2985
-17.1146
-14.5222
59.472
16.7868
30.9574
62.3926
-95.4926
-95.1336
89.9689
19.1651
-9.30708
-50.5932
3.39641
-7.49617
85.4109
17.2131
-40.8706
-17.9811
3.09732
34.0986
-34.1528
1.7979
88.9003
-43.8251
79.933
-31.9749
3.92919
-98.556
-92.5729
26.3075
-84.099
70.3684
47.1746
49.5376
-72.7143
44.4472
-23.7838
2.42263
-62.0682
99.494
43.9394
-76.5926
-81.1664
87.7591
-3.88644
30.4268
34.8543
96.9607
2.52285
-41.3022
-11.6038
70.727
22.7236
93.6964
-71.127
-84.1462
-71.1842
18.4754
-90.4704
40.068
81.9582
29.8935
9.60369
39.3644
-25.9174
-81.8946
32.5925
26.9351
57.3084
27.4979
-75.8519
-51.2969
-2.13308
-62.3417
27.7261
-90.5051
-35.1399
84.6782
-75.9574
-37.0443
67.6092
-98.0493
46.4337
82.0865
11.9859
41.6642
-67.6182
-90.3836
-95.3012
-65.7709
-77.1056
-34.805
-13.815
47.9685
70.1385
43.6708
-6.521
64.277
58.7546
64.1621
-40.9827
-15.0199
-91.7274
-18.6428
46.7365
74.9603
19.7731
21.3496
80.4669
5.98884
-16.8728
86.2629
-35.3836
-58.2756
-43.6014
7.36226
-86.0699
89.1595
16.2827
84.0324
0.00123579
88.136
-88.4149
-4.2154
-60.9279
-18.5235
79.1098
50.9241
-28.6569
30.2164
92.6142
26.1013
85.4134
16.2828
-64.466
89.7186
97.3775
-33.9271
-99.1873
37.7887
-27.7018
90.2046
31.0505
-98.9352
-75.7515
-7.77054
52.3311
75.2635
-6.54082
-9.98112
-68.3311
53.3104
-18.4774
-35.2757
96.0297
-77.3293
74.8466
-19.8907
92.7748
17.8844
45.8466
7.1703
91.5238
-54.7233
70.9027
81.7978
-52.4925
77.0784
50.4624
85.086
-84.2297
5.90426
-36.1065
14.7025
-78.6413
16.3879
93.8663
-71.7982
-11.0723
21.2452
40.9103
-70.5146
-7.10853
90.2175
-0.715199
18.176
98.5467
-75.2833
-15.7278
37.8375
73.2427
-40.5155
-20.5692
-74.0718
-15.3913
-31.2375
-49.6059
-64.3686
17.4143
62.3047
-24.5762
-97.6378
-93.9368
51.299
9.61713
29.7651
-77.7879
-41.2628
73.2486
-33.2474
-59.9987
-40.5808
-29.309
47.6867
-12.2087
-64.0814
56.2971
-73.5805
51.9506
25.2358
-35.605
-13.7749
21.7103
16.2714
58.1605
-9.80851
-82.2384
-22.6311
43.1922
74.4951
69.3305
-35.9248
-81.9806
6.25058
90.1588
54.6954
-79.4262
-90.3923
69.1379
-98.4279
54.7346
-12.3292
68.2152
50.161
-49.0716
-67.7647
32.7779
74.3301
-3.0302
-56.5512
74.7191
-91.9663
23.4422
20.6963
31.8514
97.9911
89.8395
-30.9962
0.584531
-0.138864
-86.4955
-67.8657
9.48388
71.0798
33.5408
22.8102
2.77777
99.8958
-64.5627
-23.3871
-60.394
-71.438
-40.3708
-92.8687
4.61657
-34.1175
78.564
-36.2229
-36.3998
-96.9891
52.9735
-13.5168
51.8747
14.2482
9.3379
-73.0444
-56.4866
37.5249
-34.7286
2.72852
84.3427
-34.8345
-46.2637
-20.4829
-1.09548
-53.7483
71.3527
7.21006
30.343
57.4192
79.3905
-22.6855
1.66549
76.0615
-86.9754
26.2313
-80.8351
7.93191
-25.5251
94.7812
63.4158
62.9021
-23.6573
89.4874
91.4203
-28.989
-88.2115
-69.7884
89.8859
-18.1229
80.3352
-72.6089
63.9408
58.7733
-88.8829
-42.6544
67.6133
8.80445
-95.6174
-49.0452
-33.0223
-55.1222
-2.55616
11.7786
-90.9828
-40.2843
-94.7859
-11.236
98.6166
-93.4919
86.6547
-77.4332
-1.62157
21.0441
65.1374
27.717
-86.8959
96.2244
37.9406
97.7646
44.9782
-25.4056
-97.7641
-32.0211
-20.3803
-42.5963
16.519
-81.9159
-58.6087
-70.6887
8.58697
63.4884
49.0436
9.86038
-12.9234
51.7958
-61.1373
-27.1856
-83.976
82.8934
-6.68636
-67.0554
-6.13271
-44.9112
-19.044
-35.4203
-31.8459
93.0167
22.9613
-24.8659
99.5448
38.1723
-51.0013
-61.4483
81.9928
-25.254
-76.3771
37.2475
31.6513
-17.7398
44.7042
50.0422
-72.9361
29.2129
5.45568
8.43976
-24.393
-62.3128
33.7354
16.6211
-95.0199
-72.4193
-88.7798
-32.7972
-29.3936
21.5023
-79.1138
69.9875
-35.586
-13.7041
68.8614
-82.3101
14.1886
-73.5217
7.69494
-33.1571
8.13832
81.9711
-49.1695
85.6579
36.552
-74.2974
-86.1529
78.8047
26.173
-22.371
77.5749
-65.988
-53.9543
17.3354
-97.947
92.7893
-22.2385
66.1896
15.9261
69.3647
-7.62669
-36.1539
81.5269
96.0058
-86.6944
30.8814
8.48703
-91.9808
-28.7711
-0.301214
52.8951
-84.46
2.92571
-39.2681
-36.4716
21.1869
43.875
-94.3093
9.00385
31.5555
-45.9222
27.2941
2.89644
-15.5604
-88.993
-7.46564
60.6469
70.2422
-13.8639
-32.5055
-9.01332
-5.24894
-45.1
-17.8868
-8.77392
13.4773
-76.9174
-98.8568
86.9023
13.315
4.22756
44.4269
-53.6229
-99.8854
26.3262
91.1968
-96.8897
-42.9842
-50.0746
63.4206
-6.61999
-32.7142
66.2779
-64.7247
-57.8325
-42.2497
-77.4795
12.8889
-60.9062
54.4285
80.3927
-21.1074
-43.5265
96.3458
-11.2034
28.0271
33.3357
71.5463
-49.255
99.5879
-29.8566
66.9009
-78.1944
-3.84785
56.9389
8.83506
-1.73771
96.3684
7.97673
70.7366
12.089
-8.35725
-57.6887
76.1471
42.4819
-94.5405
-43.8002
72.9888
-10.8481
-75.0676
-2.89427
-87.1219
-57.0011
40.3229
87.1703
37.0118
-38.8615
35.8608
-32.6641
-54.9989
-95.2299
84.9717
44.5932
6.21373
-37.0153
77.266
-89.1342
-20.4863
-9.91945
-66.4322
73.741
34.1517
90.725
50.1163
40.5902
73.2726
-11.4073
-33.3459
-37.8641
30.8536
84.3417
80.3111
95.0216
21.8012
73.0726
92.0437
66.9385
-6.31888
31.3857
43.1937
20.4735
-15.5533
-66.3774
58.3737
25.1202
-83.3096
-56.6443
-29.9816
-20.6319
9.67041
-10.5034
-77.1256
83.7796
18.8148
-83.5046
-92.0846
71.0933
26.2689
-65.954
60.0794
-29.5965
66.0796
-72.9528
-41.7083
91.3834
-7.90853
12.0294
8.00116
-62.5968
59.7011
-88.4751
-18.6758
-26.7872
-68.8259
-75.1578
43.1642
1.43824
41.4599
-98.7864
-41.754
-18.0046
63.3021
-68.4722
75.6314
-71.4753
7.92411
-52.0951
-93.4079
-51.9511
-62.5548
-43.1384
-41.5462
-25.4849
35.3336
4.1208
43.5759
-56.5371
36.6856
-47.4312
-76.4164
87.1987
-99.8409
-91.6578
9.5822
22.7439
-60.3046
-96.6701
56.8268
27.3305
-52.9316
1.17394
97.8272
-61.005
-36.6567
71.1645
26.9864
-38.1604
36.1017
-51.7307
-17.9046
55.3642
83.9471
9.30795
-10.5109
46.78
67.0481
-30.3469
-23.945
14.5369
5.59798
-17.1961
-52.3472
-91.1791
26.9833
-47.4408
52.1674
-28.5277
-3.75655
-65.5514
-28.2394
99.7542
99.7624
9.80363
-69.9237
-27.8037
-57.7711
82.5719
59.3408
-77.7328
-21.4636
-69.18
-98.0194
-97.6627
26.2645
98.5071
-40.5162
-88.9193
-52.4044
19.5067
96.7844
75.1673
8.20062
-92.2619
-63.1323
-50.5299
19.3169
85.8225
-85.2442
-58.371
79.4552
-46.779
70.1086
-41.7374
-66.6656
-57.7872
-73.8468
-23.0587
-57.547
-72.2621
48.8276
41.0957
34.8821
-59.9375
36.8746
-15.1924
-52.6949
-26.3606
-82.1328
11.177
6.31837
24.4322
58.2011
36.8378
-7.18115
-69.6853
-24.1495
-68.2706
1.21689
-14.4398
76.7834
95.9392
-61.9892
-21.9235
-95.3005
-73.9098
58.4623
53.5537
-96.8578
-25.1921
-44.9421
67.6191
-52.8403
46.0509
2.19609
45.842
-54.326
1.12956
-16.6148
6.99289
-52.9872
85.6035
76.4504
-83.4691
-23.8018
73.3048
-41.1938
-89.5553
80.65
86.1461
25.4569
-53.2729
65.5406
68.4276
93.3348
83.6083
47.8257
65.0933
73.9671
53.7874
-6.82708
-44.3212
30.7494
-5.81544
69.1948
97.9619
-56.5667
28.3547
-23.9655
-55.2298
41.1555
90.6334
-11.8905
27.3213
-98.0087
71.1518
65.0398
23.8825
7.34362
-48.6467
71.7175
40.7968
26.9526
-8.0436
87.6645
99.595
47.5638
-83.9867
-74.7661
-1.45674
62.3736
-13.8254
-38.7637
-56.8825
36.1092
82.2277
43.0434
69.9333
-86.1154
-44.002
3.80951
74.3569
-20.1081
-42.1258
74.7046
1.01566
19.1716
2.78499
93.4574
-37.1378
-93.2479
-42.6448
-9.91948
-63.3041
16.331
-6.74651
97.0066
13.4562
-35.0541
45.7922
-68.622
-18.4081
82.1258
36.1275
-28.8319
33.724
-2.81957
-68.684
-53.9784
84.7406
-78.8627
-93.5158
65.6467
-30.628
-34.5699
60.3196
95.8808
91.1069
-82.4939
23.7705
88.8085
-51.8594
-23.5208
65.9304
-57.0069
-19.3536
-11.9204
13.8851
-78.3079
57.7898
-26.7894
19.8861
-1.49957
-67.6891
47.8006
20.7799
-4.26469
26.8035
10.9242
-16.7099
-82.5692
53.1926
-32.5876
97.9811
-41.3806
-64.4414
61.1275
46.685
54.6007
-52.8844
6.42769
72.3447
-11.2583
89.5468
95.7073
-82.987
98.3066
-57.3734
-27.9354
25.6119
80.7793
94.0839
84.2988
-73.6256
97.3429
92.1851
42.2154
-91.7721
-39.1099
62.0288
-80.993
-58.5988
-80.9789
-85.2335
40.1733
-27.0268
-85.2563
25.7915
-86.5323
12.6055
-62.4363
-11.4852
23.977
-27.7444
-6.08049
-61.05
60.9317
-62.0042
18.518
92.3137
31.2211
-52.0395
71.2679
14.3901
-80.1684
95.9156
-87.7267
-76.6757
27.7854
6.22436
-19.1643
79.359
-36.4858
-93.4448
28.0695
-12.0273
73.0878
-37.1927
-88.8605
73.3475
-20.0776
98.463
20.3298
-47.3822
-5.63951
24.3216
-64.1368
87.4485
-94.6077
64.7696
-64.4305
-63.37
-45.6437
-3.26792
-81.2383
54.521
72.7806
75.6984
85.0824
99.1634
-75.5822
-26.1598
-24.3406
36.7512
-50.7533
-90.9825
48.8176
93.9597
-38.0995
74.499
-38.6182
76.2303
-60.8768
55.9838
12.5481
5.64424
-68.8563
8.1273
-43.1562
38.9958
-50.254
54.1871
-49.415
-70.6918
24.538
65.2138
43.0093
92.4424
47.6106
-14.5065
98.4667
-30.1366
-86.9164
12.3124
50.1966
56.9866
-15.5593
-0.178296
67.297
-52.767
-98.2062
71.0824
52.174
-59.4598
29.5439
-18.4158
51.4893
-37.4286
88.9688
-19.8989
-74.6426
-81.38
44.8409
83.4423
-25.9497
23.8616
-27.6323
-48.6939
98.2268
63.7056
-3.23056
37.659
4.22508
-94.4513
-22.7049
-25.5077
51.3948
3.35893
-15.2888
-8.09875
-90.7434
99.8321
-87.5343
-87.6712
27.6021
41.864
-91.4146
-17.6409
-85.6883
44.7185
-60.8703
42.9507
40.258
32.3096
-0.595655
-79.7745
85.224
-4.34466
-72.9322
37.2677
-67.3699
90.9559
95.2437
-0.326572
83.7191
47.416
49.0587
-24.744
-98.9358
90.9961
-1.147
-36.1575
-0.345186
97.4061
-66.0374
-50.2882
-19.8443
34.9962
-43.5278
40.9645
-47.9257
78.5178
-0.722668
30.9769
25.6207
-49.2565
1.53245
-75.3977
-53.7155
43.5749
-93.8502
51.6403
75.2242
-53.4802
-92.7195
-85.8038
-50.3896
-14.1159
-23.814
0.0410005
26.0167
80.9506
-3.4581
-87.2956
-53.3675
-79.2138
-98.2695
-10.3472
9.1297
18.6448
95.1006
-20.5559
-27.684
91.4006
-40.6594
36.7784
-49.2435
-65.6811
-45.174
-97.2538
-10.6544
99.2231
39.3533
4.78609
-92.1964
78.672
69.9844
-90.6685
50.9528
-38.1445
81.3841
80.5001
9.7617
-59.1449
51.1994
-90.5652
-93.2501
-20.4493
89.5896
92.9122
58.0542
43.5138
-24.0958
-96.902
17.4106
-6.04775
-28.3924
-0.193581
44.6314
-76.4273
-58.3301
79.843
-94.381
-86.3398
27.6735
-3.50192
-35.3146
-80.4013
-75.8962
-53.4891
-90.2238
-48.1822
24.5307
-57.452
-10.6405
-2.02378
3.29473
1.7105
71.1221
-38.8931
-59.1896
33.9292
-51.0363
-57.4522
-19.8124
-91.1556
1.91369
27.7586
24.3095
-9.16604
-80.2466
65.144
-41.9289
-46.3663
-98.877
-20.7833
-58.1128
34.2756
96.1499
50.2212
80.0721
-25.5687
-31.7974
63.2613
0.747211
52.3001
-28.3075
-0.28523
-86.2193
-26.9517
20.7883
-72.0886
84.1202
92.0414
-61.5167
-29.2331
50.7852
4.7268
-35.2159
46.0629
-61.4272
83.6043
18.3995
-7.31383
89.5728
-24.299
-72.6515
90.4348
26.071
84.4581
-87.6307
-68.757
-99.9927
51.8574
-44.6426
94.0989
-81.5305
95.971
53.4942
-86.0611
-5.11551
-75.1221
78.0827
47.2561
69.5698
-47.1536
92.6831
88.5288
-15.0295
-66.8097
70.0057
47.2044
-38.8843
-84.1329
-54.9953
99.136
-39.9049
-42.3129
37.6499
-87.0044
-77.8136
73.0756
18.5788
-77.0719
-24.4689
49.6538
89.0423
41.4372
63.2333
-33.9776
21.2947
-17.4917
65.0387
53.6426
-56.6811
46.1102
-92.1781
24.3628
11.1387
-76.3561
-59.1766
-63.6584
2.09039
88.3852
62.0194
62.6372
4.08095
-33.8694
14.0324
-78.7335
66.1862
-59.3455
-35.8218
94.4806
58.8758
-28.9072
23.425
58.5898
-1.46033
-4.90264
88.4287
-68.2903
-50.9753
-86.1281
72.2795
30.8779
72.5046
36.3112
57.4006
-83.4302
-72.7398
-77.0813
51.0807
-33.1107
-76.3295
-67.0768
-66.4031
-18.5665
-17.9701
73.0381
-33.2454
94.2446
-85.1356
-38.7748
-36.8834
59.3548
74.7116
32.0082
88.3572
4.18393
-35.8616
-37.1439
-25.3097
88.5392
62.3558
20.1137
5.57475
89.3302
-44.3103
-17.3279
62.9739
55.4203
-48.0985
-18.3295
-79.0442
-14.2812
63.8977
-82.7198
2.15165
31.4875
-10.8452
-79.8952
-54.5891
-53.6195
-22.4242
-68.6744
-59.5392
92.4776
-58.2121
-10.4449
78.9001
45.6714
-28.8681
-70.1387
38.4862
93.6201
64.1626
-22.7079
81.5971
78.3854
56.5337
-17.8819
65.16
98.8867
-89.2443
90.741
-51.6733
70.5401
-75.5672
-13.7423
4.11753
-77.5352
99.1953
3.27099
47.4256
-62.9835
-40.9631
2.90675
68.4627
79.016
14.8666
28.6912
46.0735
-95.5657
-69.2448
55.2845
-70.5619
-53.6474
-72.7895
-12.6297
-44.2326
-73.6062
64.9503
-61.9528
41.624
-88.3446
36.6854
49.0088
-2.72249
29.5445
-17.3455
63.8614
57.6241
-70.4031
17.1132
31.6007
48.8758
-51.0722
-88.4418
56.4435
-17.7318
-67.0077
29.1765
98.7462
-72.5597
87.383
-32.8333
-35.6023
5.86556
-36.1361
83.4174
-65.5394
-46.5111
11.3729
-98.5121
65.7314
36.2158
-7.69338
16.598
42.7127
-13.8275
-34.5361
-33.4296
-19.8536
62.6918
85.7793
59.3111
54.1639
-21.7425
-56.1984
-0.336978
-33.3872
-56.7019
30.8729
0.0658452
40.5501
-83.3708
57.3856
-10.7377
-22.4746
54.135
48.2867
1.88788
-64.9225
92.6485
91.6868
-83.9907
-80.4561
22.1475
1.84036
46.1086
-46.565
11.9261
-22.6707
36.0486
-15.7039
-54.8995
92.8778
-84.9587
27.3762
-11.8307
-60.4208
67.8995
45.4031
86.7617
-5.89885
36.4297
44.2216
67.4354
29.8586
75.9435
-42.9776
36.3168
50.423
78.2179
-47.8422
12.2715
-16.3949
44.6982
-56.131
-33.6001
-28.5924
-38.4281
66.6845
-78.2657
17.7819
-95.1725
-52.2655
50.4498
-63.4471
-96.7223
15.9711
-35.7311
-16.6739
-89.53
-24.0228
-11.1294
55.1606
47.6619
66.7763
76.2839
76.6453
-55.7427
87.9675
66.6117
41.1732
53.1157
-76.3712
-79.202
-9.95342
-5.45338
-32.3744
2.62327
-44.0659
26.227
71.6016
2.20106
85.2665
86.9728
-21.3033
-91.8493
18.5515
-13.3164
67.3429
-67.065
-77.6178
-42.2842
44.391
-82.0412
-27.911
19.6808
20.0279
33.4435
1.28317
-52.4523
73.4429
-1.13595
-54.9053
33.4451
48.563
-92.4896
-83.3762
99.5987
-24.1363
94.5397
-93.3938
11.423
96.1457
-31.4012
7.78296
76.3257
81.6447
-58.5027
-18.4306
19.2958
54.1498
8.26426
-2.1483
3.81907
66.2248
-8.08978
58.594
-39.9769
85.3536
-74.3596
-52.5291
-79.3936
2.00623
-62.217
-10.9237
93.0554
68.3425
-19.7244
15.4431
-34.5575
31.4439
16.6679
99.2225
-84.9152
-50.5623
25.4045
33.6929
77.6935
98.0352
-56.3231
3.80336
38.9418
29.7098
70.4432
58.7995
20.509
14.3287
57.3222
84.5843
-96.3056
14.9003
-88.3752
17.9057
-73.9694
24.0825
-49.2605
14.5737
16.074
35.0494
-8.52105
15.0279
15.5323
-33.6887
-24.5684
82.711
-40.7345
62.5845
21.5457
-81.4642
-5.11709
-67.1466
-21.0546
44.2389
-89.1392
-16.8866
-40.468
68.3309
-16.505
31.7201
34.7152
75.6458
23.1366
-88.8462
-32.6289
42.3064
51.4217
24.5069
-73.3172
27.602
4.88942
38.0752
90.2847
74.1734
87.5409
-46.8582
91.7198
-57.6955
-96.0804
-27.3828
71.8857
-52.8186
-48.0517
-23.7055
-95.6345
-7.50418
35.4548
34.9441
61.1246
-91.1112
85.2871
72.4991
-74.4538
-41.5275
80.0974
69.6896
-10.7196
60.3158
28.9547
95.2924
29.2026
20.0249
-73.7347
41.679
-13.1838
24.4012
62.3628
-75.9145
-20.9705
39.8111
61.7546
-86.8641
46.2862
-0.439704
30.7048
-18.6747
2.32397
63.8388
35.8726
91.1688
-81.5708
-86.2482
-71.6059
2.53787
-21.7963
-24.5078
44.4127
84.6733
-17.9719
-67.8979
67.4548
-95.4268
-25.7204
-52.9404
26.6051
51.9765
-4.65557
81.5978
-30.1539
-97.6403
-0.739159
-6.09776
39.4686
67.3679
71.8116
-11.246
-88.4156
65.3662
67.8628
18.836
44.0141
-46.443
-87.2676
26.1522
78.7768
-19.2562
-19.829
34.7951
-54.7486
52.3085
54.4504
97.808
99.0654
-64.2956
21.8306
-7.56066
43.1257
-62.0859
9.29649
-97.4754
74.5431
-87.8213
-56.0772
-46.3156
27.1377
96.0704
83.8254
75.2749
-52.4343
-35.0769
91.2891
-35.0638
-74.3791
72.6186
58.977
-53.3295
2.04015
71.0358
75.2365
12.9018
-73.6278
-46.3338
-60.1009
39.9781
-98.5722
6.43877
-44.301
46.8622
56.7691
6.06534
68.3395
-91.073
-61.3679
-8.89302
82.4743
73.6119
55.8561
-88.8569
-28.6894
-30.9758
74.524
-81.0103
10.4696
42.29
-35.0711
79.1314
-52.5254
-94.656
16.7473
70.3104
33.767
14.956
38.1063
50.675
-99.9619
83.4938
56.9288
66.9479
-13.9631
-91.3713
-49.5647
41.5938
-55.0343
44.2701
-48.4372
-95.5025
95.7997
87.4038
21.3617
97.537
-64.8239
-35.273
-93.5391
-11.9799
-64.7013
-67.2616
-54.1004
90.1718
63.6581
79.3033
6.90258
-70.6988
-53.3014
32.5234
65.7086
26.9767
-75.7616
-45.6787
-50.0101
-80.9496
-83.5031
-76.7056
70.3364
-15.4124
-82.58
33.2582
34.8254
-68.0763
-30.3728
44.8353
41.0706
-65.1745
-64.2193
-36.7949
-75.2685
37.6994
-71.8014
-9.47322
-45.2708
-11.6796
92.8914
85.4221
62.9299
-69.4507
-19.9665
42.3416
-27.7806
34.5576
86.8181
79.8111
-53.7897
-88.057
22.7406
-8.97449
-89.7038
35.9796
23.9019
-11.7732
-40.6135
44.6526
96.0613
65.2624
81.9228
56.5181
3.76537
-3.04168
0.0466783
66.2675
2.00913
-34.0992
-89.8029
57.1127
-35.3892
39.4742
24.1101
73.1142
26.0469
-85.2175
-8.37564
14.9011
-74.6921
-23.7413
-82.5237
85.5721
94.2381
67.8812
77.1583
24.9854
-33.081
98.3241
38.8048
72.0727
62.0827
9.08817
-68.3739
-25.9452
22.7013
-70.9602
49.1517
67.4817
47.0424
73.6735
-45.3544
82.82
-32.5057
-36.397
-3.04925
38.0789
-20.9988
-1.20141
51.595
-21.5884
-23.9612
-82.1409
52.9688
-16.1417
30.1204
58.144
29.537
92.7276
-61.9127
-4.235
-71.2094
-73.2043
-91.4059
3.32423
46.1149
-36.938
29.5772
54.8265
-25.0093
-51.0714
-50.4658
57.6791
-63.2539
-58.9686
65.1228
40.6313
45.9266
41.2591
-47.8385
38.0876
-58.1043
41.4455
-93.417
-38.8199
59.8727
52.7282
96.4749
63.0442
16.0783
47.9655
89.8059
28.8318
13.054
84.6777
11.9364
-23.9642
80.3943
91.7505
-52.1917
64.7266
-27.7141
98.8538
-47.2524
96.7494
-91.7138
26.4564
-91.18
-83.4152
-6.07425
-12.2214
-63.4217
64.2518
31.7145
-48.1782
39.7428
-89.993
-7.50309
-97.6587
17.6026
6.66139
-26.5385
-68.0293
-12.6067
-10.2873
-72.7753
86.155
13.6831
-49.3454
-48.7231
-84.6345
11.7452
-85.997
1.23973
-54.2372
-18.4661
30.9429
-48.448
47.4823
23.3835
-8.6903
-30.2151
28.0325
-72.2658
53.3856
59.9021
48.7591
41.2874
81.3748
81.8881
47.3387
-84.5901
17.5161
22.236
-52.6091
-58.6776
-75.3584
83.9271
74.0262
-18.3772
84.0826
70.7665
37.8625
-8.66391
-78.5308
97.9287
-80.0092
59.9823
54.0694
-9.90272
70.4487
15.0912
-55.7407
50.4127
74.4375
-1.97846
97.6048
58.1195
-26.7379
97.309
-64.1095
-29.7916
-31.01
-81.1765
-18.4736
-84.2843
-41.5285
-17.7888
81.416
-38.701
50.5478
-49.6773
89.9813
99.3423
-68.8453
-3.73871
-95.668
-19.8233
17.1131
-59.5531
23.6106
89.7187
-3.26678
43.7187
-73.6641
81.6728
47.9502
59.808
13.9213
61.6972
13.5363
-66.7873
42.4453
-4.27185
1.92942
63.6253
34.7962
-86.1417
63.3916
47.4932
-14.1644
75.5859
-61.0057
40.8829
19.7235
-72.6009
87.9021
63.5713
-98.7597
-64.6691
94.8188
-81.0437
75.0212
62.6186
-84.2653
-90.0063
-68.7307
62.0832
-26.0528
65.2994
-85.8481
49.9019
-81.9708
-25.0295
47.0113
98.0616
-0.590924
65.2303
95.3743
89.6129
-14.7277
-43.7253
91.3205
-77.1444
-68.6121
8.62642
-39.253
46.11
-74.4168
55.4791
-74.6302
-33.2787
73.6174
-25.177
62.4518
-25.9029
-44.346
71.0895
23.4257
79.9554
50.0742
-81.001
20.1676
-32.9289
12.5292
80.2545
-77.15
0.640376
-15.2051
31.3357
-61.9433
89.9296
-40.1116
88.5604
-33.8618
-30.256
-76.6472
-48.807
42.3973
-30.7161
-73.157
-39.4116
72.0275
33.8011
61.6037
-44.1052
-93.31
80.4997
4.20583
59.538
15.4419
77.5662
99.4583
-62.1877
-10.4446
-80.8595
22.0649
87.6069
-78.2643
75.4906
-95.3439
-86.0863
-85.6402
-32.0528
96.1432
51.5799
49.1584
59.1034
0.964882
-66.3213
82.6095
-23.4321
31.3572
93.7913
6.82956
88.1169
-9.00626
-29.3051
8.20018
41.2963
-61.9368
27.1656
-85.8841
83.4831
1.23362
-66.7856
66.2328
92.2917
24.5102
-5.75967
-54.3675
-57.0102
-50.212
13.9726
37.262
-40.7914
58.3055
-5.27464
47.4479
-1.36741
71.651
27.4828
91.5415
-49.5984
-78.7335
-80.9548
-43.2731
-44.9773
-66.0726
-29.1565
80.9487
11.5055
-3.41596
-28.3984
78.3429
72.9489
11.4813
56.7258
81.0823
-66.5458
-46.3406
-59.2615
49.8654
-47.7582
-19.6089
55.052
25.2504
-45.2161
-53.0417
-93.611
3.50574
61.0244
-30.6271
34.6813
-6.24315
63.4005
-64.7497
18.3747
57.457
-75.01
14.7923
-28.5352
74.9352
7.15382
58.8974
40.3973
-77.0811
-6.40163
-81.4214
-73.1775
-43.2186
-65.1371
35.3901
98.1704
-30.9696
42.797
66.5046
93.1498
-27.7004
23.7079
-36.5208
39.5177
-10.8042
21.0996
32.4908
-40.9041
53.3835
55.4773
-57.7209
17.8017
-53.3031
48.8759
-30.0824
60.8852
-10.2378
27.3626
82.253
41.655
-27.6227
70.6453
83.5283
16.5522
32.7867
4.34797
-51.5523
-99.4689
68.5235
-18.0847
-46.719
-25.0032
-54.7518
-88.9602
-65.6863
-99.157
48.266
67.275
37.0998
-14.9392
-46.9085
8.72351
42.5027
96.3351
-60.5735
61.1201
64.3846
-59.5004
-90.2568
51.292
78.8498
99.3556
-78.5824
-18.9025
79.6652
75.3782
40.4437
-77.5524
29.5312
39.9328
-47.3054
-37.3376
-16.8364
68.0725
68.0513
97.7524
-26.0271
-76.7356
56.7624
40.9952
38.7593
-4.02553
-85.6579
22.3882
24.5841
-75.4105
78.0315
32.6274
29.1952
44.2935
11.6031
58.4203
84.8718
53.9201
74.1237
38.2475
-75.7312
-26.1672
-29.1949
2.02804
99.0046
-94.3533
24.392
-70.0829
33.8804
-54.7085
20.4197
-56.0786
65.9144
-35.5289
55.1771
-3.39539
-99.0659
21.59
75.3764
9.11717
-10.3062
-82.2304
11.2339
34.9591
-24.218
-75.0296
52.3649
-95.2876
-79.299
-51.0497
-95.707
44.1297
51.931
-28.1387
-82.6827
70.7298
66.8636
-76.3272
56.999
-43.1148
59.2914
51.7027
-19.9484
-28.9596
-32.2331
49.7344
-12.967
-0.865125
-14.2457
67.4721
-50.7502
-15.4296
-25.7112
-99.5738
-15.5093
-13.6162
-12.8971
-9.55173
79.2
94.8055
38.6846
52.6367
-66.2451
45.7745
37.6708
-98.3185
-94.3999
-90.1644
9.41441
64.1574
-78.8805
27.3039
4.94351
-89.9867
53.4877
46.4164
39.0428
54.6368
-73.3648
-65.5713
17.0157
-73.8166
77.9842
21.8493
67.3348
-13.8743
-23.4607
-78.5307
52.402
95.1686
60.3706
94.5246
10.2983
67.3032
-90.1934
-88.9999
74.73
-21.8504
-92.9362
19.7052
40.0916
-49.8369
48.5245
-40.3231
-14.7792
26.4118
-78.564
67.986
33.8261
-83.4473
-81.0675
-45.3798
44.1056
51.9502
-44.334
23.0006
-95.1813
-89.7722
50.5921
20.2826
9.25724
-38.2461
-98.4982
77.6038
-94.801
-5.19771
11.4393
39.4953
-66.2329
-87.9813
93.4691
75.8529
-49.5657
47.4426
33.9639
-55.4455
-45.5269
50.1933
-5.80999
61.9417
-66.9766
37.7337
26.7984
75.585
21.1945
9.35255
-68.5475
-60.1243
65.4983
-96.2193
35.5054
-77.5799
-63.8269
79.2016
83.0074
85.0673
-7.91769
-67.8012
-98.7439
-8.7511
-88.1444
-32.4312
-58.1307
-94.7734
-1.32902
93.8212
-10.49
95.4134
25.1721
85.2297
-81.6614
61.812
65.6634
57.0787
-19.8308
-22.1444
30.9323
1.2248
43.9621
-55.9546
63.519
-91.899
96.9044
82.0595
72.1942
7.30801
82.6887
73.6004
-60.3
-62.8015
-83.1916
-30.8598
39.9654
5.44093
95.7596
20.7003
46.0562
41.0264
52.597
78.7572
-32.353
97.1592
41.0877
-68.0019
60.0744
-84.6241
-0.496596
-40.7162
-48.1623
-73.5146
-18.307
52.9425
19.211
-87.688
28.2713
11.7316
32.3797
-53.8017
13.2727
-46.6744
-79.8428
62.5805
-98.7588
-52.55
81.8768
30.8511
-66.6299
-75.5528
-93.1357
84.8182
49.8126
-69.9456
-2.75159
-14.065
-23.4999
-40.1535
93.3269
-7.42626
-77.9929
-97.1313
82.8137
63.0976
-87.128
94.6208
42.2286
-37.8769
9.89795
-85.5487
-19.533
68.5421
94.3794
-98.6651
-49.8196
55.8074
-84.1206
-53.4969
-2.97999
-21.165
19.2048
2.59755
35.1374
-1.07148
-54.1492
91.6423
-67.0327
82.8986
-40.5225
-50.3105
-86.2214
-73.1495
60.5941
-64.2638
77.4354
35.2381
87.1435
57.9811
81.1144
-67.9039
-92.6536
21.7664
52.6006
-3.60997
-32.6067
30.2488
-50.3979
-4.46877
-39.606
17.6061
-59.3019
77.9689
-2.31143
-45.9738
-20.8998
54.8864
51.4878
-86.3098
-29.9612
52.0563
71.763
-57.179
70.5175
53.8887
17.1241
81.4213
93.3351
-80.9123
28.6875
-89.7338
-16.308
87.5386
67.3291
-16.3498
-94.5253
-13.3832
71.4774
-85.6189
59.1484
-6.23302
-99.6987
13.1679
-65.7921
-60.1924
-55.531
-31.5281
65.4314
-31.9623
-57.3725
8.61433
18.8458
21.0048
44.4368
-44.9379
-93.2261
55.5701
70.9973
62.7634
-7.09648
-64.2841
-61.6316
-37.7104
66.1874
51.1535
98.4325
18.8551
89.5054
-43.7887
-24.1996
-80.7213
-26.741
72.4255
26.6787
3.21512
-98.5505
44.5685
98.6123
28.8145
-63.5608
-74.005
94.532
35.1351
26.9297
52.9875
-35.1465
1.17088
47.0178
-66.0412
-78.8823
-18.7935
20.3702
-22.1762
42.5384
42.7399
37.3444
-17.3989
71.6723
-50.6291
80.5212
-54.3426
-10.1569
-70.2358
-66.4491
94.255
-34.3707
42.1596
-81.0164
-74.9204
-13.9869
-57.5056
62.1602
80.2497
12.9114
81.4721
-59.8857
46.4924
-96.6599
-96.6815
-22.042
38.1551
-79.4491
82.0564
-83.2198
63.8697
-62.8838
-78.1931
-22.0025
42.5208
-29.9087
-11.5923
-27.9566
63.202
95.1214
73.7793
-93.7721
77.2004
-43.6575
43.6996
-34.2893
-74.8704
98.5513
-54.0648
-89.3994
77.9412
-4.44099
-6.09506
-20.752
-8.44555
-0.148466
-64.1492
25.0642
90.021
-40.5173
0.719426
-23.3655
-39.5692
11.6094
6.53577
-43.4824
-26.9501
58.4772
15.1641
-47.9523
-44.2503
4.50218
7.75587
-97.7315
-64.2097
-15.0408
48.6221
-57.4783
-58.3458
37.9641
42.5648
-24.307
39.3732
25.5595
-9.70108
26.8588
-73.224
24.9516
48.4686
-42.0424
-33.2773
-80.6984
69.5164
-1.25461
-51.3172
9.86968
-29.289
-82.5408
45.932
6.06551
42.5513
-23.6041
-71.3016
-85.856
66.6001
73.2026
75.1947
-76.0252
25.7981
-45.8741
-70.1543
-75.1581
-4.33971
-84.5588
-33.5986
-97.8355
-52.6837
14.5951
93.7555
-62.1105
-36.5869
-40.7004
-9.96831
-99.9217
-78.6127
26.4323
-7.61486
7.81782
36.988
-34.1186
27.5246
-60.9917
-88.4795
88.0276
97.7199
-55.594
-60.6928
-96.0843
-7.49711
89.3829
20.6574
43.9526
-58.8397
-29.2108
17.8755
-83.1266
67.7884
-19.8657
95.8032
-92.3733
-89.3372
53.2139
-83.6975
88.8555
-97.8633
93.8917
9.69645
-17.3904
38.2516
81.4791
-66.2179
-56.7636
71.4414
-56.486
61.0802
16.6189
78.0015
-99.5213
74.8648
-15.7102
-93.3365
69.4247
-93.5293
27.6359
65.9264
11.7776
-1.83192
-76.47
39.6165
-32.2127
-46.196
50.6462
3.46329
-8.05199
-75.8929
40.7577
-84.5575
-97.7306
-14.6281
-92.248
59.1131
-23.1894
36.8415
19.2606
-82.8766
44.4181
-24.3003
-11.3349
-21.1035
42.4436
74.2867
-37.6917
-39.6291
8.89227
-74.4731
27.5269
-9.51345
26.4452
-14.637
45.3641
-24.4729
31.0008
64.7343
-56.7122
-88.0414
92.0406
39.5525
-29.6027
-22.889
50.628
-24.4535
82.048
-51.2943
42.1131
36.9537
-6.18561
-27.0274
-83.0608
-80.6974
42.8155
-76.2866
-19.6216
-92.6805
-7.75854
-92.7173
-76.2363
47.5276
49.2314
-93.6311
90.884
43.0993
57.5073
-90.9189
-85.4995
-45.265
50.3244
-44.9117
-74.7813
-67.7722
99.4452
41.9001
54.221
-5.23241
-79.3029
-1.41557
70.3693
56.4095
-73.3821
-16.6605
64.4155
12.7954
-28.714
-85.5116
1.36614
66.9554
83.2273
-55.9936
-29.1221
49.5748
9.20848
-76.3589
-83.0902
63.881
70.1641
65.7374
-28.3504
36.3249
6.68543
-66.5226
98.3592
95.8324
54.6585
79.8299
-50.4157
52.6498
-46.1275
48.5088
-10.23
2.01199
-2.85328
-26.0921
-19.7281
67.1607
62.0126
-42.8672
-46.6945
-36.5649
27.8349
4.01615
-80.0087
-11.9955
80.5257
-96.5814
2.96557
-36.61
-15.2175
4.71214
-76.168
-61.6107
52.3831
-36.2334
-0.490667
72.0949
-6.4127
71.0538
-48.5047
-24.045
-75.4231
77.5088
65.1928
23.4988
54.3794
-0.982441
-55.3638
-94.8639
85.6014
80.9909
54.2428
56.1456
94.397
97.8761
-47.742
-41.8187
82.6842
-93.0572
-35.9678
32.7889
-17.4659
44.8444
-87.1256
-59.8443
-13.7676
77.165
-14.3927
-84.7735
75.8847
21.5734
-66.1278
35.5287
73.5827
21.3869
-99.8537
41.3404
55.6707
89.43
94.8612
25.0447
-21.5304
-46.0704
-16.0936
91.6625
-81.8134
9.18726
51.8657
-2.68185
68.9274
-51.8918
58.2237
-16.8924
12.9059
-7.3647
-66.7097
-48.9307
12.7483
7.94294
-43.0216
-14.3925
-41.7866
-1.03752
-71.4093
18.6727
-18.7044
6.19269
-56.5946
-42.4437
29.6234
65.9291
38.5064
98.9596
78.648
27.9177
-74.8371
52.0364
83.3093
4.6233
-18.9347
-22.4678
77.0318
-65.5892
74.935
99.1457
51.3187
47.3512
-36.1071
42.1983
82.1763
-50.8523
-53.8646
-89.2904
-96.0372
21.6679
-89.1225
64.8767
3.35014
3.57337
-53.3884
-88.5078
-35.1046
-11.8665
86.5551
-17.2677
-60.1846
28.4152
-64.3473
-60.316
47.19
-60.7609
84.2942
-28.6404
30.9047
49.1017
83.9099
-93.4669
-75.7386
38.0664
-94.0501
4.64711
98.0254
-60.8038
45.8043
41.8289
-76.4702
79.6189
5.26656
-55.0054
-98.6695
70.854
52.6503
7.10741
-33.2114
-28.8025
-71.8967
-4.78491
-65.2101
61.1039
-87.4796
8.6918
-96.7169
64.4613
-74.6196
-75.688
-13.2589
12.7447
-2.58281
9.70618
43.1463
36.5597
61.1877
-41.5823
-32.3882
-90.4678
-57.3712
-96.9778
-37.402
-51.3387
57.576
-89.3399
84.2428
-9.59172
61.1828
-19.1136
-31.776
58.8921
85.8074
-66.2431
-97.6361
50.0585
11.5421
-74.2589
-96.0959
-58.5258
69.2582
90.1462
-59.2594
-66.1615
-37.5701
7.07274
78.305
11.7463
48.7261
96.7302
0.520081
85.9856
-49.7344
42.1587
2.57278
-86.1215
-93.3185
62.9382
-58.4208
30.8936
22.185
62.0041
90.4659
45.7144
-25.1316
82.6691
32.4943
30.3698
-45.1504
19.1869
-8.18936
34.1374
87.9614
82.3165
-15.1972
6.3668
48.8561
-9.25796
81.1384
-60.3468
-52.5957
10.5769
66.3146
23.2851
49.2738
-75.9874
-71.9208
60.4307
-45.9389
-76.5725
-83.9915
37.5363
85.738
94.6525
8.9382
61.1163
-21.2727
76.8177
72.1416
-40.4236
-0.372701
97.8105
-18.1124
64.4774
-35.1428
48.9152
97.4125
71.7553
50.8106
14.2495
78.6206
-45.6329
-61.6306
4.67652
-38.9767
-64.2897
-1.726
98.3606
64.7836
73.9748
36.1193
1.24823
20.3877
-91.1068
82.5628
57.8761
-56.1591
-75.4134
-18.2357
84.4157
20.0072
67.518
-16.5685
21.6053
-50.9758
-36.7041
-74.7989
-95.3131
91.7526
57.0817
-57.779
2.37947
63.268
78.9367
-13.0781
90.2163
55.5276
-3.15293
-92.293
-8.23236
-65.3762
77.6501
23.0959
-3.4669
16.1886
-85.1585
-66.57
-21.8534
-81.6084
-10.8077
28.0538
96.0501
22.2921
57.1872
49.0458
57.4471
-32.4
52.9104
53.5146
-68.5593
77.7984
70.6878
-43.5727
-85.4274
90.2818
42.9275
23.8301
29.9826
-10.83
-80.234
-29.1031
92.4259
-65.5026
34.129
-60.4434
71.2044
41.669
88.2288
49.5126
-82.4494
-8.02733
-8.01248
-42.2667
-26.3476
-45.9241
4.41346
-44.8644
-57.747
-20.7318
75.8166
89.527
-82.1481
75.9489
24.4877
97.9081
43.9679
10.3599
43.6952
17.9909
62.2693
41.3877
-82.1873
-22.2855
96.972
-30.8582
-96.0381
-15.5763
7.4789
20.1815
99.0137
-18.1013
-89.0052
-84.2392
-10.6383
-86.9132
-17.6089
-23.8646
-14.9752
96.0383
25.8617
-24.6044
59.5416
91.9963
-66.2371
-31.6719
-71.6966
-19.7911
-99.2413
-96.4617
83.6062
17.1622
-51.47
39.3389
56.0639
-68.5344
-75.2795
-67.6894
-91.345
44.2929
54.946
-22.8723
-88.9113
-44.2214
-51.9385
26.0998
76.2905
-97.7803
95.419
-81.0924
50.8786
-49.6376
-19.9921
80.7793
-84.3696
-19.5028
98.8642
-49.0337
75.8704
9.21889
93.3625
4.48779
-30.3495
-83.0998
-99.8713
-46.2169
-8.37879
-6.85427
-41.3139
-31.6328
56.2173
-25.343
-64.3204
-46.5004
-2.08864
-16.2931
-99.975
-22.566
-97.9868
-71.8495
39.1137
20.4316
-79.5618
-95.5508
93.6858
42.8726
86.6699
31.0368
10.9267
-97.4325
-42.485
54.4355
5.21656
-61.6189
-25.0255
-97.9494
-47.9658
-76.8745
-74.8938
-2.77418
3.52285
-40.6392
-24.7802
-4.81303
83.4546
80.3973
92.7601
-2.28456
42.5602
-43.6486
-1.40127
0.916958
-88.2485
-29.5577
41.5723
-17.1628
78.897
39.832
44.0466
48.0763
99.5439
32.3784
-71.2326
-22.4901
-91.0658
-2.15939
-68.4492
-29.5375
46.8429
-84.3241
96.8733
10.6706
59.4541
-75.4942
-40.9513
-99.8808
35.9018
-91.7043
81.8878
-96.6367
61.7447
-27.2246
17.6834
86.0586
26.5851
-29.5078
-53.6724
-82.5246
-65.1043
-28.4612
81.7046
-99.3291
-7.3709
2.0981
-56.6164
60.1048
-59.4821
76.9806
88.6448
65.6521
42.8495
79.589
68.8073
72.6849
-28.7664
69.8475
73.2223
44.9544
-18.0226
-28.7349
92.2314
16.6188
27.82
-50.556
41.9133
-34.9581
-54.7852
-69.2034
27.6572
-38.1803
23.2863
85.5423
96.9618
-40.2691
93.1636
23.3738
-49.3134
14.7335
-91.3866
80.854
-27.218
-23.7092
-14.4812
-76.614
-35.9626
-86.3639
75.6157
49.8778
-80.7004
15.8112
96.3353
94.6631
28.1093
1.89194
7.66572
39.0991
53.71
-25.9302
-89.0178
-28.2553
-60.2116
91.1949
97.0152
9.92177
8.92647
-96.8444
57.0942
26.2896
77.2425
6.34339
12.8647
47.0896
-48.1624
-48.2144
48.9994
56.3545
-39.6278
52.0052
24.5017
43.8898
-32.6802
-48.2545
-84.8462
78.3817
99.1109
83.5307
16.8043
-15.4194
23.0391
-67.4867
59.5979
62.8851
3.91353
85.6287
-96.5095
28.8713
95.4727
-51.7221
74.582
-10.5394
-90.2162
-45.555
71.7684
36.1059
-41.3859
84.7037
-50.7627
83.7163
-1.24106
56.1631
79.0888
-54.2158
95.3578
-69.1647
45.7923
-67.5458
87.6622
-44.845
-96.5335
-23.343
91.723
-65.063
-49.5196
-86.4749
31.7184
4.15205
-65.2966
48.4941
-90.8343
-41.2095
60.9895
-6.26685
53.6852
-10.6464
-94.4707
82.3542
-81.3596
65.1579
-5.31287
-56.9481
67.8596
-93.3098
43.9383
23.5755
-36.6406
11.6673
69.8494
15.5473
-35.4164
-19.4117
19.8171
8.21999
63.5649
-89.7931
22.254
-98.6789
-77.4703
-89.4189
52.5759
-25.2003
67.051
-91.2305
84.0512
65.4435
-78.2806
40.2555
16.3856
40.6863
78.6888
-53.2573
-74.9943
11.6324
74.9216
19.8124
-28.2888
-73.782
15.8171
58.8773
9.8952
4.42046
4.85942
79.306
-70.0347
34.4677
6.20019
80.8736
-43.0001
-28.1461
15.5036
3.1138
40.4175
-21.0033
-94.0102
41.3267
-1.83469
-73.6943
54.7916
48.2123
-19.7155
1.79247
83.816
-98.2808
19.8368
39.629
30.8661
79.34
60.4028
92.2969
-97.145
-26.7501
63.3846
24.3898
54.7716
-95.4091
-43.2556
7.48226
13.0207
-9.48557
20.7545
89.0093
47.4618
23.1552
74.2873
-68.3156
56.9634
-82.9694
66.9762
81.6792
-48.9043
53.5029
-27.3896
95.0349
45.0784
-87.6289
30.5811
96.5587
-56.549
-80.8911
64.3206
32.8056
56.3394
68.8943
-14.9364
-57.8861
-58.8322
-4.23638
-59.2047
-74.647
67.0964
23.0621
65.3637
60.5223
-91.5959
-62.649
57.4904
-40.4125
27.1695
-51.7657
69.7752
24.2807
20.7231
-22.9329
-55.9307
87.9679
-81.8552
24.8648
89.6937
-98.8752
-79.2905
-11.9417
63.1181
45.2638
98.8113
-28.8914
93.3132
-52.0376
-74.8518
67.7659
44.4628
-27.1503
60.9395
-15.1389
45.8695
36.5296
47.7888
-34.2091
-40.4373
-32.5778
1.99257
-54.77
28.8062
-93.6347
93.0084
29.4803
16.7521
-41.992
-53.4277
-17.3228
15.3427
-49.205
64.4284
42.7853
67.0149
-49.5851
56.3429
-75.2972
-75.4544
-19.0741
54.4654
-24.7531
12.0245
-92.5532
46.0048
92.326
-54.4739
36.6273
-40.3311
66.8025
-97.2072
42.3904
73.7205
50.7088
74.3695
-86.7964
40.995
43.001
32.3071
-48.2139
45.7278
56.773
-42.0048
73.5582
-23.8019
67.086
61.2987
-2.44606
17.806
22.8264
27.7964
86.9385
-38.4091
94.0013
3.39243
-29.2772
-81.487
-40.0381
1.57313
-55.3028
96.9994
49.4681
-64.8657
-16.1546
1.13792
-13.1612
33.9904
32.3625
-72.4147
62.0996
66.6274
14.2082
-21.0855
-88.0044
74.6076
41.1006
85.5678
-5.31479
-92.7917
-27.8134
26.8874
-99.0093
40.6773
-58.3113
-94.0541
-82.0864
-71.7268
28.5655
86.7496
-42.8825
63.9857
2.3323
69.482
62.6831
-72.1103
44.8081
-26.2611
45.5395
1.31154
-96.2369
-80.8619
52.5686
-91.1844
82.2283
68.7194
39.4472
-92.1205
-16.1963
29.6033
-78.3867
-95.1984
0.179724
53.869
-34.1985
70.8633
63.9124
-96.8164
93.9399
-24.5386
-14.8513
-47.3107
-10.9027
93.5218
-75.721
-56.3396
-72.2978
-54.2402
-31.813
-38.3584
7.9226
-66.5357
50.126
-2.53926
75.9556
72.6849
51.3386
-79.5731
-84.4108
-57.9414
-30.1144
-57.6889
98.9822
-16.6113
26.9029
-77.9451
-94.6298
16.9487
-55.6745
-80.5615
41.9244
58.9255
18.8221
81.003
96.926
-33.1018
15.319
99.8635
11.6889
0.421469
28.4341
-45.3013
87.3149
1.1675
-48.8619
75.3509
58.4658
-55.5027
15.2528
95.5462
14.4439
89.6361
-59.1857
41.1145
15.0078
49.9826
50.6671
40.0721
44.9368
9.79802
93.7169
-14.461
69.0908
-81.9285
21.3554
8.36174
13.817
84.0338
78.9437
69.904
-85.6561
72.6898
57.8176
88.9101
-37.3987
5.13277
13.2484
26.6054
28.5157
25.9196
88.334
-77.2653
77.3104
66.5929
-99.9948
-31.4212
55.334
-28.113
49.2001
60.3864
14.7694
1.67132
97.4748
96.8967
8.32985
6.24134
-19.8708
-78.1809
34.4069
-7.00309
65.7484
28.3147
6.80974
-38.4435
-5.29301
8.16962
-0.212266
-56.5027
-29.5107
91.9022
-95.3755
-72.9534
-60.5025
35.5674
-11.8794
78.043
-98.4449
43.7294
-45.6655
-96.6529
-84.9769
32.4049
51.0849
94.7328
-69.0536
-64.8899
-66.3169
33.9079
59.5705
48.8314
-85.722
-84.1235
-53.4303
53.1832
74.0306
-97.5217
-91.6585
44.9671
-78.317
-97.1409
44.0301
5.92787
3.60117
-58.2095
76.2688
-57.9257
84.9189
60.6002
56.643
-97.7534
-91.8415
-36.4414
22.3173
98.7542
-19.4067
93.8887
56.9227
-83.4634
45.2591
0.165373
59.2384
-31.2644
-51.2593
53.3386
68.1307
81.3527
63.015
25.1901
94.5903
-88.6631
-41.4731
71.5115
-1.26481
-54.7159
51.639
24.6039
-94.6709
29.0733
-37.7127
-87.7057
-2.36038
49.1214
93.7724
-22.3641
-79.0952
22.5918
-86.7595
17.9688
-24.4405
-93.5928
-12.2274
31.6563
-39.3763
-82.45
70.4506
83.3235
65.8766
21.5994
70.5475
-85.3089
-79.873
-95.4568
38.7588
17.5269
-95.7613
-27.1455
-95.0816
76.7515
-3.20923
25.2629
-12.1297
91.303
74.0809
-58.2441
-12.7716
35.7517
-33.6294
-46.4138
87.9486
-27.3967
34.4001
96.6329
10.1305
-0.33614
71.5559
-3.76472
-80.5101
-1.17323
18.377
27.2662
18.0403
-9.79013
18.8642
36.478
65.6236
-73.2946
-46.9804
38.9427
32.3757
-51.9154
60.7395
-12.7139
27.8941
-74.9615
-21.1504
-54.2826
66.5468
-60.5342
52.0035
-93.186
-24.6234
94.9876
13.3794
82.8302
71.7439
89.1278
15.4827
24.5067
-5.06161
-75.9881
87.9823
-58.9713
80.8614
-96.2814
-36.0322
78.9484
-30.5117
-31.0089
4.99799
-21.0762
49.7217
-80.4567
-20.0013
45.9187
86.8361
-5.21642
-97.9656
-47.6153
85.0359
-64.9862
93.726
37.6731
63.7766
11.4945
-74.5392
63.5563
38.9541
70.097
-87.9361
-9.61205
-84.347
-22.182
-68.8837
21.3196
-98.2847
-79.234
50.4826
-45.5604
-9.6671
-97.8212
87.0732
-53.2587
-55.7261
-80.2068
-7.99252
46.725
-35.1148
-19.9573
14.4395
-2.02764
-81.737
-33.4534
-94.6591
-49.3524
54.2558
-62.7447
83.9376
-25.5153
-51.6328
66.3793
19.9373
34.4317
36.2716
25.5824
-12.4176
71.4385
-8.18363
-98.9225
96.6556
64.0267
31.4239
-41.637
-0.654303
35.6524
43.9787
-81.8178
95.6642
18.8569
14.3504
65.0089
-31.2461
42.3732
-42.0958
34.0305
-91.7936
98.0484
92.6548
0.150091
52.1072
-11.2938
-53.8362
71.0604
-83.3283
74.8542
75.4917
-75.7548
55.5152
82.786
51.6526
6.62754
50.1124
32.7794
-21.2895
9.3375
14.9183
38.2401
82.9594
27.7984
62.3466
17.3289
88.4658
59.0903
-28.6059
21.5278
20.5554
-15.3344
91.5474
-93.6943
-44.5871
8.59326
33.776
45.4058
-26.6997
-93.6903
5.06561
38.5162
14.37
-58.1242
79.2306
-21.5313
82.8704
46.5619
-58.669
-96.9985
88.5582
53.9119
-99.3748
4.76895
75.6709
-67.2847
-93.5011
-16.3553
66.6817
-32.4658
-56.2928
97.5827
8.73453
10.7231
0.566554
20.3179
-49.2682
6.87265
59.0457
-65.7208
99.4466
28.7131
80.2744
-74.7261
11.1739
-47.7568
-86.4872
-8.42496
-4.85622
-93.6242
-78.749
83.7669
-12.9141
98.5058
-78.1736
-82.1979
-92.9955
78.8066
-74.3511
-62.5264
34.4671
43.218
32.7543
32.3638
-11.5778
4.51814
-8.09156
84.3997
-26.3514
29.2169
82.736
68.7754
-23.7171
5.16999
70.1837
-47.2481
-98.2924
-13.1551
-22.7929
-54.8167
-89.8856
18.8489
-76.1963
4.41501
13.051
-12.9785
43.3954
-42.0915
-4.34833
-38.2441
0.558672
53.8704
88.2187
40.9338
-19.7897
0.691021
34.6333
19.6837
-60.8382
16.5362
-40.749
13.1865
28.8792
-37.2289
-21.9148
-87.0544
42.5936
42.4505
-99.3067
-13.072
-38.9207
92.5973
-97.8855
-89.6713
-88.8579
-85.6721
-26.6655
40.1508
-67.9286
24.8701
3.93692
44.5742
57.5068
42.2577
-80.2096
63.871
31.768
98.1714
8.9148
23.5609
63.7799
67.966
81.1332
-20.4984
-16.773
-94.3916
-60.7849
-67.7637
24.7394
-14.4811
-54.6858
56.1415
54.6854
42.5945
88.1406
89.0849
-98.8018
-37.6241
-84.7102
-46.5082
11.8631
-7.80394
9.70681
-38.5286
-79.0129
-38.7067
31.4618
-70.4431
-75.4473
42.1175
-50.2177
-83.3415
51.4707
-33.1259
-52.2545
3.44866
-88.5874
-37.4677
-62.7502
7.99495
-66.0738
57.911
-85.7309
32.4988
-86.3434
-25.9453
56.8291
77.2447
90.6982
18.9584
42.3307
88.446
-7.14095
-54.2767
-93.6214
76.9463
47.4899
41.2322
-32.0807
84.9795
-34.3798
-86.7763
-32.7259
19.003
86.2586
42.5786
-57.9239
71.2065
33.7564
-24.6854
-92.7975
-77.724
-48.5277
-76.2709
-66.5691
-91.7851
87.6695
10.6097
72.8024
33.7231
-22.5838
38.7489
-93.0163
-94.1384
30.8059
-43.7915
70.7745
-28.1849
-41.4141
-41.9382
-98.8447
98.204
-77.453
74.1454
-12.1363
-80.7179
49.1562
6.12999
-3.60819
-10.5583
4.55168
22.0204
27.8319
9.71332
32.8164
-70.4166
95.1059
-56.8256
-43.3644
-43.3203
78.8043
-96.012
52.7745
-91.4152
-49.0164
6.48921
-28.309
-92.7101
-75.0985
98.8152
73.8643
-28.0791
22.6618
28.9659
23.7544
-71.4328
12.9865
-66.9065
54.8668
-53.2506
-59.8115
-89.3994
-11.8236
-9.37692
-56.3648
-27.6098
80.6526
54.3538
-40.4602
37.2808
-39.9199
84.9404
38.5758
-20.0941
-92.5655
18.1988
-97.288
82.9944
39.3366
7.78265
40.7774
19.1362
63.6751
-0.882685
27.3012
29.6474
17.2925
74.962
39.8758
28.4519
-95.2252
-78.2066
96.1991
36.5137
-33.0104
65.0258
81.4106
22.4873
-62.371
-80.104
-1.67661
-82.7516
22.5853
-46.0988
20.6716
-31.024
9.15938
6.19248
-32.7522
-77.1132
-8.55327
26.396
-81.8668
34.4093
72.7973
-78.7495
50.2017
79.4504
74.107
5.58958
-74.5849
-1.48738
-40.4025
78.2157
49.4535
-65.784
7.62535
-66.5248
40.6937
-22.6257
71.7687
-7.65012
-49.9731
62.5909
11.0151
60.3177
-91.1702
-73.8607
61.7155
-7.89627
-34.464
-45.3365
74.5628
-13.6321
-10.6382
-68.1131
-68.0948
-41.9172
-54.2779
-29.0389
71.2912
88.263
-17.2031
97.6851
-60.8445
-26.9746
26.0073
-2.59635
-93.6387
-59.0592
60.9682
84.1824
84.0996
-40.1064
-33.0948
-54.8522
87.496
4.75286
56.1767
-66.9844
88.7663
-24.8833
-84.6965
67.8166
7.10775
-48.0197
-68.2944
-97.6376
63.2456
-14.5113
-4.76514
13.4273
-12.1845
26.1147
-45.0194
72.2148
10.8022
-94.4056
-63.8987
62.5051
27.7289
-71.7342
45.8834
-23.2571
-48.8145
-4.50538
-45.74
-22.6858
-5.69838
-9.16302
94.4554
23.3211
92.1129
1.92623
13.9294
-76.4973
-50.0252
-9.50837
-90.2739
-89.1301
-94.9702
34.2502
-80.9152
43.9756
95.8012
-99.4757
-60.8549
71.8351
-38.5742
-94.6757
53.4877
-69.8999
-90.2355
57.3143
16.1035
98.4978
65.5453
-31.2935
58.1466
-79.6139
-77.0846
-23.1836
86.1264
66.1576
22.5647
70.4082
16.5056
-97.9296
11.6964
-50.6426
-13.8585
87.6437
-82.3153
-91.471
31.3151
5.77122
-44.9418
68.9707
-20.1834
49.6774
-39.5558
84.3048
5.05769
-9.11247
-4.79282
60.5408
35.952
51.4834
-10.9878
93.0252
14.2842
27.6774
-82.9534
-31.6164
-64.1343
-5.99304
-69.8233
-68.3427
-69.9342
48.94
22.2501
-15.8554
94.0339
-43.3232
-43.1449
92.5643
71.6151
77.2927
-71.4587
-29.338
-96.5672
59.2828
57.4268
-64.1159
65.0483
-73.5522
79.3746
-41.0347
-10.3173
-35.9926
44.563
38.5855
27.7925
-27.9106
96.2014
-43.2331
-62.4768
79.3123
-9.18165
15.2495
-37.6582
-16.6056
-6.31341
73.6196
-80.8747
43.2558
48.1547
43.7103
18.2088
34.6265
26.6042
83.2634
-85.0577
50.5927
59.3722
-95.7644
-5.42618
-73.401
-17.6008
-43.866
-63.7043
-33.8993
47.443
-95.5278
28.7259
43.61
83.5602
48.8713
57.1263
-74.2865
-83.423
-72.8532
-82.8297
-67.9272
69.9287
70.1123
-90.9525
-49.1638
-96.1946
-85.4592
83.4006
49.1875
-28.8249
-51.5309
18.7344
-31.9581
-21.1018
7.04703
-12.0487
43.1915
-33.7511
-77.1624
45.7448
17.8033
85.2367
-96.5772
-89.7302
98.8912
54.8595
-54.2134
39.8666
-43.4207
17.7979
38.6923
-90.4881
17.3943
-60.8837
-45.6607
2.1996
71.8332
54.9304
68.4884
41.2729
-18.3798
-12.7788
-11.989
-15.8094
56.3125
-4.48712
55.5377
-12.611
87.3445
-61.7791
-42.0084
49.9318
17.7204
21.71
-17.0183
77.1116
96.3899
92.4338
17.9557
-63.915
7.28747
14.5549
-37.9005
-40.2702
53.5231
75.2222
56.6722
7.81817
-62.1296
27.1498
-72.7142
36.3142
5.48227
68.7578
81.5999
-5.1898
80.6145
-45.1435
-12.4082
8.92068
4.1397
-63.2853
89.1056
18.0872
16.9098
-86.0408
-1.27118
49.7149
81.8067
-39.5916
-80.2057
67.7904
-8.07116
-18.7942
-72.3418
74.9618
81.755
-48.5149
-88.5735
16.2466
-58.4063
11.8294
73.5017
36.728
-13.8716
0.315156
30.6365
-80.9704
-27.6381
34.2534
20.1446
81.6932
3.62762
82.4576
65.4535
-55.1749
-3.19701
-75.1657
12.39
-35.4111
93.9619
-97.8638
-30.0639
68.6071
36.1207
33.9007
-14.4778
-25.0786
-26.7875
87.6678
42.5654
-97.7112
57.8278
-75.3714
65.1296
9.97456
5.8136
18.9919
-77.2007
-66.1213
-67.5132
63.7444
94.5218
-6.35174
-95.5538
-63.5362
95.527
-41.7145
-91.7983
29.4637
43.6226
-49.7135
76.1962
59.8429
79.6387
-38.1117
4.11937
-61.4302
-97.4228
93.3958
-92.2086
-44.01
-22.0287
-15.9952
-25.6924
-63.88
69.4951
-23.7496
25.0213
45.4499
95.7377
45.7524
89.7623
-65.0453
-46.8972
49.8169
-18.3157
88.3462
41.9758
-87.5255
96.9075
-70.2592
-65.3596
90.4318
-33.6348
-83.1234
-0.640029
-41.7578
79.5525
98.9534
-7.26145
12.4419
68.8703
-23.7447
45.02
8.71662
19.537
-71.4357
33.7301
24.3247
-52.5291
34.4891
98.8592
80.4732
47.31
-83.4421
-49.3255
2.73728
89.2168
-93.5335
75.3617
52.4743
-18.7401
-93.9221
62.1209
-27.1939
8.5914
-53.9882
76.4373
-89.6164
45.7998
-0.79837
64.2962
-67.6759
-25.2187
43.3759
35.2021
-53.9062
90.1386
75.4195
-34.7939
-0.486919
-6.55591
-23.2309
29.7528
-2.1716
-67.8641
3.07241
-58.4879
-83.8911
-15.3401
54.1807
95.2248
41.895
49.4811
-51.4549
23.8475
33.8247
88.5235
-13.9637
94.5955
90.1509
-91.0751
93.1288
-58.9226
-5.23128
20.9107
-50.0357
-84.9794
96.0291
-3.92514
56.392
81.0403
17.9442
34.7686
-33.191
13.13
17.1932
-30.6443
-94.8614
-62.6449
-77.4978
82.1755
94.699
-41.5081
-9.04568
-34.922
-98.3763
-8.69576
-79.7125
42.4973
-53.6316
-17.4972
-24.1109
-67.4404
-88.0144
-85.1097
-83.8877
-49.0524
21.3391
-12.972
-83.7643
56.1531
-23.6341
3.882
-48.9361
-2.17077
48.165
18.3678
52.2841
82.3097
50.6635
-99.245
-14.3012
38.92
-13.8754
21.8338
-98.9246
-95.2942
-59.7657
39.0326
99.0922
-43.667
4.6032
-5.71808
79.9486
-94.9072
83.6414
38.1162
15.7101
-32.5707
-71.4129
-79.0466
24.8061
-66.6074
12.6464
37.7951
83.7834
99.5734
21.3524
8.91622
-64.7951
-14.2488
98.019
51.829
-71.6475
-56.0524
67.0542
-18.7368
-51.4209
-54.5425
10.7553
-52.9562
68.0971
-54.6151
-75.8553
-57.8623
66.6427
-75.9328
11.792
2.45841
74.9524
-30.3581
88.1148
-88.1495
37.6851
85.4699
-27.0799
-86.9359
20.4493
-50.8758
99.8587
-15.8173
94.9389
42.7904
96.8111
31.3313
53.3437
62.7229
-92.006
-54.5599
-55.6056
77.2614
3.0795
72.4859
91.4583
83.4024
50.0022
-36.4614
-15.6922
38.0398
-69.9901
79.5406
-51.9504
-64.2309
22.5494
62.9641
-77.7829
-36.4167
-11.2099
-98.4356
-72.7926
-37.1315
42.4613
-72.0399
-89.2348
-81.6304
-38.5084
-74.9934
37.096
-94.2026
-62.1171
-45.3757
-91.1953
60.2793
87.2852
-7.36996
-70.3361
-1.41048
-5.75924
60.2412
43.9816
24.2843
-50.8019
-93.4408
-3.9469
-3.97875
-68.236
-40.9677
-52.5084
-87.7173
-35.2834
68.3462
40.7389
81.1376
37.5943
4.4447
-22.1992
-94.0657
70.7075
-39.0968
-38.3742
-56.1973
64.047
35.1994
1.55343
-29.5796
76.0775
-64.0402
82.78
31.9095
63.3695
-14.473
-28.7099
-90.2132
-74.4317
9.80326
9.83703
14.5425
21.3493
16.0397
56.0317
-58.4176
-29.7146
56.7678
43.508
97.4964
-63.8601
44.9858
66.5358
76.8573
-89.4023
-30.3506
-57.7879
-45.1686
-86.8518
-13.7958
69.7924
58.428
15.527
21.3123
58.9795
-33.2701
-72.2281
-87.9458
14.6111
94.1368
73.8162
63.2881
-33.4979
-29.847
-98.0692
7.86742
74.5008
-77.7685
18.787
-10.9157
-25.676
-29.5145
96.6353
74.3966
11.5351
-64.1041
59.9147
36.9444
-10.6721
-78.7246
-58.1502
-13.5883
83.5144
-81.5753
97.3632
79.2439
66.3856
10.7642
-97.4314
-68.1786
3.82716
77.292
30.4427
43.7504
-0.473052
4.62209
-64.4124
-72.2212
38.6861
-21.9931
95.4497
50.5626
46.2862
25.8679
-77.5651
25.1171
-61.9031
50.7773
-60.2442
98.0832
24.3692
-84.7086
-58.2375
-60.1076
-35.709
80.878
-24.8035
24.9114
-65.5323
-58.405
-66.8984
55.8552
47.3474
-56.4304
-22.7237
66.5137
-27.7141
-31.1199
65.3925
-42.6589
32.5623
-26.5665
51.5815
-31.7276
-64.3818
87.5493
-70.269
80.116
-55.3088
1.59948
-63.0968
-36.4262
66.7734
51.2253
16.4678
-93.3476
-74.7466
12.5096
6.51578
-45.0367
23.6467
66.1101
-17.8557
29.2879
57.4961
-93.2297
49.7365
37.6101
-41.045
80.6721
42.951
-45.271
-29.9918
8.60205
-90.0036
38.0343
-68.1925
-61.2172
77.9775
-98.8077
-31.1659
-5.55724
94.736
63.7004
88.6073
28.4238
-84.9801
-31.2613
67.4556
52.8533
52.226
83.917
-99.4863
-64.7356
-57.9221
-13.2265
-15.8968
-71.0752
33.8988
38.5051
-58.5927
-64.0511
29.6936
81.567
68.8091
-83.3384
37.6405
83.3151
72.5018
-67.4635
-33.027
45.5374
-24.591
-17.2687
-44.1881
-63.0054
50.3615
-11.8503
-7.93954
16.26
-23.1045
-43.7369
41.9248
-44.3275
-86.9231
-18.7176
-6.66142
50.2747
-35.9593
-63.5323
-51.6922
-69.2016
47.8976
-67.7848
-87.1072
-53.1987
-73.4794
10.6739
21.5375
43.004
18.7208
-99.1606
73.7449
-46.2383
-48.3538
58.6528
-11.391
-32.0635
53.1671
-66.8538
63.7096
86.0743
3.12983
34.7866
62.3558
-9.07803
3.86709
-10.3026
-18.4639
-29.5159
-63.1756
50.2379
29.2903
-64.8243
44.106
-47.0985
98.581
-44.5889
74.8518
-37.5669
-18.3315
-32.837
-92.1742
74.5723
-12.0671
-56.591
45.8224
76.6963
28.7744
77.6936
-29.5423
-98.9253
-86.2857
65.7967
-74.2448
31.2922
-39.748
-73.3556
19.0892
0.939034
-23.7109
-19.2935
-72.6978
-5.98438
38.892
19.5492
17.9192
-42.9781
50.5369
49.0693
37.4513
-47.4099
32.2648
-4.3461
-45.4621
-2.19089
16.0301
46.9277
-48.655
-32.8309
13.8928
-34.0827
7.77601
-35.1536
-34.0259
-70.828
-99.5712
-23.1838
12.3838
-29.9228
-63.6363
8.31345
-23.1193
-18.867
-1.76422
97.9435
43.8948
-59.4594
33.154
95.7007
39.1363
77.9438
-39.987
-43.1201
38.8795
-1.44386
60.3564
51.8649
74.3383
58.2874
14.6627
-74.5237
39.5128
62.4028
-80.3822
53.9732
-69.9486
79.9914
88.3962
33.9934
-62.0233
-84.1055
-56.7199
-87.4717
69.0395
-62.2543
80.1515
11.9668
-20.6126
29.0607
-54.6392
40.0985
59.315
1.08885
-44.6676
36.5097
78.0664
95.4607
19.4086
-20.9643
-21.4204
93.3029
-39.7269
-38.4859
-50.1827
-63.5325
-69.066
-10.714
80.2024
29.2042
3.15297
62.8573
-26.0876
62.4825
-19.7046
26.6256
-24.7721
4.37735
36.4331
50.0926
88.495
-61.02
-62.106
-86.8525
71.0073
-72.045
-82.5758
-51.2357
22.7072
-31.6852
39.7609
23.7971
-27.0684
31.7916
-9.88742
-76.4428
97.4952
-52.3433
-21.6817
18.5164
-39.2066
53.6655
62.9309
72.5359
-14.8725
55.6825
83.8459
-72.1945
-66.2108
-45.303
93.2759
53.1829
67.3612
-72.5816
-5.75804
-3.95955
45.5424
-47.9293
-79.0112
31.3709
-55.3411
88.8683
41.4233
41.9077
-12.3773
-91.1558
96.0952
19.9929
-17.3652
-83.795
42.6912
-4.20929
-58.8399
-37.0626
67.4263
91.7824
-70.9236
76.9012
85.6187
-1.42207
87.1561
-0.192473
-69.1252
2.61672
-91.6748
-86.3579
61.65
28.5089
-83.789
-11.1017
87.9082
17.4924
-19.4863
-28.5444
-94.3474
9.73182
-1.61639
-73.6779
-35.605
61.0813
11.5334
-19.1854
-62.6867
98.6653
-52.2511
13.8367
95.3914
39.6948
-86.5511
29.2828
3.40694
-17.0289
89.7036
-46.9595
83.059
27.5804
95.62
88.7744
-30.6016
53.1692
-48.2148
75.1378
90.8169
-88.4709
-80.6846
0.069991
-52.2145
-29.5163
94.8133
57.6095
-64.6835
-78.0212
50.7012
28.6492
73.569
2.45756
-33.5005
-21.7909
71.8365
-6.54736
41.9408
47.6955
-60.5065
-53.1118
51.1678
-80.6982
26.0043
22.7705
29.8308
39.5484
85.403
-70.3805
90.1598
-85.1937
58.8535
-96.9173
62.3376
50.5115
17.4433
80.5451
32.6251
-29.6842
56.4719
90.3855
-41.8532
-36.6615
-94.8301
67.5091
-65.4367
-67.1972
80.0016
10.9265
-50.1666
-95.4021
4.20966
63.0757
-20.3029
-7.95888
-95.1537
-65.3643
4.74876
-97.5927
29.9152
11.347
-47.387
-69.532
89.1744
-75.3476
-79.0401
21.539
-15.2219
85.1768
38.2557
-59.5213
3.80254
-4.17697
37.0369
76.1039
55.2554
-73.268
-67.2179
16.8039
45.9229
-88.2232
-1.75428
-54.2761
39.2306
-19.4191
64.7626
-71.3741
77.7148
12.7286
-95.3003
73.125
-26.9291
24.7469
41.2491
41.2367
43.8048
31.2877
-20.6198
46.0285
-66.5773
92.9434
0.476708
-6.67761
-40.322
-54.3742
-14.8858
-51.8352
26.9543
-52.5806
6.17156
6.43354
2.4981
78.0295
-25.526
45.5125
54.882
-11.6787
-17.3181
90.6341
-37.4406
33.7044
17.3419
-64.6212
18.7793
-26.1931
-6.56697
-24.7784
-43.2
17.8225
67.4773
37.8111
64.8078
-60.8854
-99.8911
46.8924
5.9789
-12.3509
-39.8719
76.2496
-58.9665
1.0165
-75.8853
55.7222
-17.9256
-38.3768
84.579
67.9921
-49.2648
-62.3565
57.6698
-24.4034
-85.6566
-61.7262
-17.112
-7.91356
72.0668
13.6673
23.3214
1.26606
-2.77815
-87.3461
22.595
65.1073
35.2391
-11.8422
-11.1554
68.1977
-51.8544
-50.6817
-48.5667
-45.0195
28.0455
-87.6649
87.5857
-38.4845
89.6457
35.7228
20.2399
-60.4763
-6.00416
8.42144
-4.97505
56.5166
40.7575
-51.437
26.0508
-13.4616
64.6171
7.15598
83.9303
-99.7013
-88.8361
60.0152
46.2741
13.9405
-15.3151
83.3789
-86.5961
85.2044
85.8431
43.7755
-29.3828
-54.0276
-89.7713
-93.2574
-57.4856
73.8621
49.234
19.7029
-39.9527
62.0487
-76.6234
-80.8647
-65.4203
-86.5603
29.939
-56.8531
47.7432
-47.6823
51.5702
17.4317
66.5973
-47.6704
-30.1587
15.8445
61.8449
-62.8275
-47.9824
-5.65964
-33.1825
15.47
-49.552
-23.6367
-69.9376
54.1552
-36.4513
97.1783
-0.476743
88.7284
58.102
-55.1484
28.4861
-24.0091
9.05121
45.8434
54.4339
13.1232
-42.4028
-60.692
70.6143
24.0577
39.6283
-58.0921
-52.4141
-69.4584
88.5799
-67.055
36.1223
-19.6704
-21.8093
-54.3225
99.6495
-80.6416
22.2249
54.2017
-22.1203
78.9049
-31.3581
19.8591
44.8074
-92.7344
-47.2392
51.6706
75.5539
21.9153
39.7513
22.6511
2.46245
91.7285
-91.6041
-29.1969
19.3564
-66.3371
-47.4013
-38.4807
-44.6795
-25.4988
-35.0974
-19.2433
-28.7969
-94.8592
35.6801
0.931767
-44.5873
37.1278
-87.0086
45.8818
-56.8106
30.9463
-72.9512
91.4449
-78.1193
-10.6787
86.6295
77.1772
14.0763
-78.969
15.5497
49.8394
-58.2134
17.4758
-83.0062
-69.7198
-86.8135
-1.2165
-40.8902
87.0465
53.2712
20.5254
34.1672
65.2552
65.5634
75.8587
-42.5042
-36.9268
-30.4931
-87.545
-41.3331
36.5521
-94.5239
-43.6686
82.605
7.78947
-62.4769
70.6598
60.8855
47.7266
47.1999
-92.3538
-73.1123
78.8156
69.1118
-91.6097
57.7108
-42.678
80.5207
65.1765
37.0562
96.8143
-50.1978
20.246
-56.4426
-57.3427
44.8483
-47.6206
-49.5026
-47.5981
-71.9204
92.3629
8.75497
35.6261
-43.6227
-9.99008
-18.2942
-35.3986
-63.1857
70.1564
-16.507
-60.9428
-93.0782
76.1284
-64.9773
-14.4505
-44.4209
12.4801
-74.3438
-48.2879
96.9601
-29.2344
54.9696
-53.1909
-74.4681
50.097
-50.5281
70.1753
65.9274
-81.7527
34.7279
86.385
91.7991
-36.076
75.5679
12.3101
94.1826
85.3064
16.4076
63.0692
39.3331
95.2236
-49.1782
93.2589
77.9385
35.1716
-83.7031
86.4488
-87.2813
-8.31147
-98.5008
-39.9345
-12.6245
-56.2782
71.9495
60.6122
-68.6669
43.0378
-48.0952
-94.6471
-39.0579
-60.9358
-33.2067
32.7626
-99.8558
-10.244
71.4269
-45.8677
-75.2294
-27.6799
85.3789
-55.1398
3.33625
42.1263
61.2755
45.2089
-42.7971
90.8902
-20.3219
89.2426
4.84706
-54.6686
30.6541
-10.962
-56.0667
92.231
-41.865
48.7838
90.1926
97.8707
87.5391
43.2743
79.6816
67.7269
-18.7427
-51.3565
-23.8628
-31.5028
40.8636
-78.6584
14.6982
6.65326
7.98985
-0.0929538
34.498
-17.5191
-54.0013
29.6994
-98.3397
-86.0015
-77.5299
89.477
-88.0671
59.7575
-39.846
-48.7244
-89.1025
23.8947
-92.7722
90.1319
80.9137
-98.694
83.6669
27.0996
57.7718
-56.3764
69.372
-94.4141
-91.9207
66.0382
48.7498
48.8254
-65.1873
-63.3156
3.77216
-66.7127
-94.5286
80.796
38.2282
-64.7474
-4.9344
64.2053
90.4316
-43.989
52.3555
86.9875
94.505
5.64744
69.2843
-14.3259
-5.29309
83.5137
54.8355
-85.4379
-14.556
76.5571
-61.2092
-87.9824
43.925
-59.2675
-54.7438
-37.1272
2.13672
14.309
-34.835
-36.9109
-86.6872
48.8737
42.088
66.489
80.982
70.152
19.2317
8.14236
51.8315
44.433
-40.2049
76.546
-59.9414
67.3958
87.1107
41.7274
47.0008
-41.9113
60.4101
98.2647
31.3208
-98.1659
83.8134
-82.3356
-72.1359
55.6181
86.7372
-28.6027
42.3448
44.4002
-15.1735
30.9219
-71.7811
-43.3353
-88.781
-9.81265
62.2029
-35.8026
85.6176
-44.1907
-3.58544
-53.3087
-82.3221
68.5338
-69.7348
95.6263
-21.1119
33.5345
-58.4071
-98.8131
82.2559
69.0784
-16.6665
-69.767
25.8131
-75.1607
-13.7636
74.5154
-53.6708
-55.8529
-58.5631
49.9605
50.7003
36.7566
44.0269
86.7625
-73.4658
-43.5137
87.6219
91.7546
21.7166
-50.1401
-89.4009
-7.84579
87.7655
6.43499
-41.7576
16.8212
-10.1136
-81.9333
18.3488
-9.29818
89.1533
-9.12248
-9.86177
61.6961
-27.6683
13.7662
68.8799
-14.328
-50.4836
-52.2569
-96.9598
-97.5109
-24.1139
-67.1299
0.761169
-86.6532
-32.7133
-5.21791
-66.7418
84.0341
-0.641926
-21.4765
-94.1649
34.3956
40.9738
21.3381
-17.8964
-42.8653
70.1925
52.4645
-42.2648
-34.0477
-20.2002
-61.9721
4.7537
-55.0402
-86.196
-51.984
83.6601
-94.6335
53.2009
78.9115
-79.7703
42.3281
86.2856
61.5368
84.2347
-44.464
44.9922
39.2197
-82.0276
-76.6431
-8.53859
44.5503
72.5724
4.46847
-23.5011
-28.8806
-5.95285
41.2934
38.0423
-92.1541
74.0058
19.1698
17.0541
67.1724
83.3617
-89.6748
-22.3379
-43.3082
-53.2123
82.047
-22.8916
51.7334
-49.8924
44.9598
-50.4009
89.9859
53.7314
-30.9251
-32.4756
-18.6188
-10.7965
-51.1294
89.9054
88.1107
-56.5147
33.7309
58.2343
63.3396
22.1345
-21.2676
64.0776
-92.4674
50.7687
38.9297
-51.6871
-33.0803
95.6407
80.069
-63.7968
15.1729
90.0924
8.64254
57.287
35.4458
59.2302
27.5569
59.5598
63.4753
7.44831
-7.42566
95.1369
-29.4308
21.8742
92.0848
-76.9678
84.4568
-83.6902
40.7129
-42.5058
87.9907
28.1659
-21.4194
-8.25418
95.418
28.6666
-31.8857
49.5241
90.7701
30.65
69.4653
70.6846
89.0075
-40.1647
17.4801
76.6692
16.6291
-32.4137
43.503
-89.069
10.9135
58.2632
-18.7829
-22.7336
-19.2171
-24.0096
23.7218
-77.958
14.8761
-0.361839
-9.58858
-95.5153
43.7066
-51.3948
-26.2256
-19.5923
59.3189
1.88013
-27.0968
-39.5577
-9.47164
-16.4783
-86.972
90.0351
66.0876
-84.8899
-1.3501
62.4613
-2.72249
87.5463
-9.83588
94.5675
92.5758
99.3954
66.6307
-58.2868
71.6553
-71.0875
-62.2317
70.8344
-36.8666
-37.0225
-71.0128
75.6507
-54.2746
-36.0247
-86.2423
-2.26959
55.985
9.23318
-75.3077
-54.5227
53.2504
76.7033
59.3853
-49.0264
3.29712
58.4003
59.1307
-69.0468
-43.3131
81.1245
-69.3351
-11.6012
63.9222
-90.1461
51.7519
-76.0544
-24.2743
17.8516
9.67924
-70.2001
57.2269
-79.4149
3.62908
-93.9615
-82.9229
69.4579
-90.7637
-39.0598
-9.51706
-38.0158
-84.0519
39.0292
-52.9124
-24.2306
-73.2937
-33.6101
83.0366
87.9112
-31.0539
-92.0959
-11.842
-48.2735
-59.304
12.796
-62.9854
-90.708
-83.4555
-56.6868
2.97525
76.7858
-0.83702
-24.7348
-12.0856
74.7324
0.329931
-49.0381
-20.5544
-8.86404
-52.5074
12.6713
67.0621
-16.3909
-24.4679
-69.5584
62.39
32.3207
60.8993
-32.1115
-55.9536
11.7618
-1.62499
28.4489
6.24901
92.122
-97.0095
-97.3861
-93.7634
-89.1844
21.7989
63.749
26.7388
-93.148
31.3992
78.6332
-71.7995
18.1684
-1.97839
-98.1909
-93.2202
5.3931
-29.0705
-95.2807
-47.4369
79.2662
80.7732
-36.0322
-17.3166
46.7601
97.2568
17.6763
3.25162
-46.5769
23.9416
-19.4694
-83.8806
-84.1947
-87.7189
24.056
95.633
-18.3353
31.4619
56.4025
69.3178
22.4239
19.2247
6.34151
-15.6465
-57.3332
63.2677
88.7401
