50
M
-25.3725
18.1209
6.32491
-90.2525
-60.8668
48.6465
-89.6481
70.8194
-33.8188
96.5035
-31.8288
61.9361
88.3244
35.4026
-77.9524
36.5708
3.79496
81.0838
-90.8189
17.3546
49.0897
-27.0977
17.7239
87.5973
60.3982
97.6988
-17.4844
-87.1518
-82.5307
73.2419
11.2733
-16.8689
21.7201
-16.5726
43.718
-45.9932
-6.54395
51.3215
7.25074
-23.7238
-71.5244
25.2102
81.1297
-23.6918
27.2051
-45.6199
97.4634
-73.3698
-38.7232
17.2538
-21.7142
-10.0432
1.2599
-58.8014
9.0504
-29.5951
-82.5367
-39.9508
-26.382
70.0031
-61.4375
5.83735
-64.4296
88.5576
-65.9084
-73.4505
57.7617
72.2132
47.3438
-20.3533
-39.1034
-3.30664
77.5159
16.3931
-43.636
-50.6784
13.2225
53.0559
54.464
-52.7134
-39.2251
80.0715
-35.2226
-92.4558
33.3351
-82.2955
97.7833
-51.0035
37.6554
7.84465
-18.422
-16.5585
-46.1673
6.89301
-56.8672
72.9889
10.8362
-15.5759
34.8941
-88.0439
43.1711
-91.9812
-1.69438
-23.0617
11.7825
-95.2653
67.496
21.9344
-21.5517
87.0903
10.8121
38.6225
-26.5462
-15.2261
-48.0534
6.93012
-4.83064
40.3105
-52.5727
-82.2546
4.02695
96.8326
-71.8054
-98.3964
-14.836
-73.6816
49.4398
-73.6273
36.3368
92.499
24.2992
-30.4264
-45.2144
-55.18
-92.8718
-49.1458
-30.778
-52.1519
-37.2888
-26.5089
-53.6173
98.1419
16.1182
90.6574
42.5134
30.884
66.7035
79.6504
15.3132
68.997
-81.5997
-91.6319
49.7859
-65.7618
16.5575
-19.0174
-54.9633
56.1799
11.0336
-59.3629
63.5518
-86.8002
87.0132
1.26251
78.9634
84.3897
17.685
75.3366
-20.962
-17.0329
12.1105
-21.5541
-53.5271
-80.5306
-37.1623
-99.7919
35.4191
19.6265
-55.6955
5.1582
-29.2185
-14.5002
-78.9434
35.4266
28.1971
-37.5368
81.0096
-88.0289
-97.4269
63.2751
-74.7804
67.126
-54.0987
-32.731
53.8464
93.9374
-36.9529
-35.0738
38.8139
-29.7471
40.7895
-64.019
54.0863
-19.8873
-45.5421
46.6407
34.3028
19.6755
-56.8906
62.4356
97.7834
-76.1661
-66.3577
69.7313
-14.1287
-39.7647
58.2946
-99.2645
-95.4785
10.464
-20.0642
0.800641
98.1117
87.8294
-23.2459
51.3942
35.9285
55.3193
-68.1267
84.3035
-18.0727
16.8162
71.7832
-65.8097
12.667
26.5183
54.8695
-58.3536
-38.0929
13.5056
-68.1558
48.6519
-4.45883
-24.1455
68.6444
-77.9962
-70.8575
55.086
-57.9006
-63.817
-65.8234
-93.6998
51.0419
-41.8616
-19.1941
-54.1472
82.8288
64.9485
-61.8291
-7.96245
83.5473
-60.7356
-23.9573
53.9419
-99.7022
-42.3278
-91.0151
36.9058
71.7996
85.3227
46.6378
-76.8042
-62.0024
80.8442
30.6824
25.4273
-78.1454
20.9518
91.6874
43.7186
31.7412
-0.44137
93.7291
98.0734
-58.4774
28.9736
52.4452
34.9226
47.0754
70.2202
-9.55762
94.4858
54.8571
18.0633
-85.2105
85.7614
83.0337
-2.72547
77.3964
-54.9006
-57.3107
57.5666
47.7213
-52.5164
-16.5961
-92.7426
38.9658
-39.71
2.51171
-35.6551
-56.5996
16.6554
92.5125
-55.8831
58.1869
95.6546
52.671
65.5441
-63.7394
-62.048
-47.6941
50.4476
21.7552
38.4403
-22.5435
90.9943
-55.2713
77.8543
-28.2372
52.5712
47.2059
-13.9144
-12.18
78.5768
-80.4636
98.0239
46.2146
-89.9462
-71.5753
-31.9232
89.2039
-10.7168
-29.5845
86.2089
-82.8222
66.344
45.1356
20.5916
-20.3868
-6.1398
-29.4386
79.3696
-29.477
-21.0977
-38.1763
-84.5247
-39.0093
-16.6357
-45.0814
-67.9602
75.0149
87.2572
9.58189
-60.6585
89.2585
9.22607
84.9784
64.7121
51.6792
18.1531
25.3998
65.8902
-85.6912
87.9471
69.3364
-84.2249
-96.4944
63.6676
93.5873
-23.7504
-22.408
-65.2023
31.305
-53.8586
5.55282
69.6563
-45.9427
19.4206
-19.6352
19.1961
19.4078
-46.6719
-84.9085
71.9716
9.45915
40.8369
3.26572
-66.192
22.085
94.0599
29.9637
4.45836
-34.72
-43.5862
50.1854
13.4595
12.8338
-46.8216
-87.5503
83.4502
0.132465
-53.1741
81.2129
-59.0387
41.5269
-9.43969
-34.8286
-78.8918
-28.0725
79.1671
-95.904
-95.5102
-14.6979
-4.11927
0.0563721
-85.2892
13.5354
83.0744
-27.2189
-53.9339
-40.8886
-65.9866
98.9748
-72.2038
94.2737
-0.309792
74.2224
-3.3501
87.1299
1.10133
-53.492
-36.1531
11.7703
16.2494
5.33457
-29.1965
-73.9929
14.8866
-35.9582
-64.4135
99.7811
-0.235867
-54.6814
64.5032
2.42069
83.0442
21.6945
78.9283
51.8617
-77.078
-81.4306
3.27322
29.1215
-28.0913
99.0414
-5.82413
90.6972
-69.9625
98.2491
-36.1023
-61.1389
39.1734
20.302
79.1419
-17.0882
-12.4124
-86.9847
-54.7443
24.7029
-43.9008
86.5632
-12.9072
15.6157
94.159
-23.4892
-80.5482
55.298
-88.7449
46.1959
32.9687
-14.3883
-21.9197
92.634
-34.9321
-17.2591
-22.7468
-53.3738
19.2736
-39.0228
-56.8362
51.66
27.0161
-71.5337
40.5685
-8.95744
28.859
-0.657729
-19.3927
96.308
16.4892
9.07744
-51.4714
-51.3153
83.4197
34.7313
-0.8809
-67.2795
-39.587
-43.5218
-43.8971
-43.0698
39.7562
-1.06884
-55.1857
-1.27207
2.70474
-45.2675
69.8482
83.2579
-98.4815
-19.5369
-32.3367
-98.6743
42.0966
90.1317
77.8229
-53.6116
-70.122
-29.4628
-42.208
70.3188
-17.897
-55.5785
-51.4092
96.0858
-58.8618
6.33908
-16.9058
-33.5508
4.19675
-89.9372
-8.04234
39.3797
-59.3078
-98.5433
10.1207
99.7189
-29.6877
69.8201
2.41806
4.84526
-74.8402
-58.0948
-67.9191
-44.5985
20.9156
57.5381
83.4102
-81.2732
1.34754
36.9237
-51.1409
27.8596
-12.7255
23.4683
35.8063
-79.0207
69.3892
44.5129
-7.74899
84.242
-79.3308
62.5208
6.84498
-11.7212
81.8424
47.942
-50.9278
-16.5161
-84.8925
89.5201
41.9583
10.4591
95.2975
-51.0613
56.843
44.1473
81.7305
61.0135
86.1563
-60.1459
91.8331
98.497
-99.5892
-91.5534
-12.5478
2.27639
-99.0479
49.613
54.5955
22.4808
10.7847
17.862
-78.9139
95.6093
-3.61989
91.7413
-28.1121
-13.781
25.0089
58.8602
12.9665
-87.2609
-44.0504
-27.565
-53.5287
-87.082
44.4932
-19.9762
62.3605
-97.957
98.4247
-54.6306
56.1648
32.2933
-17.1684
18.1757
-71.3547
-24.7729
64.2992
10.8673
79.5492
-56.3544
-81.3807
-95.1684
-60.4769
36.1563
-48.2606
-89.7495
68.5899
87.6028
77.0191
-7.93498
65.9757
-5.23309
-8.47009
-15.5889
51.3694
-16.1737
14.5868
-65.5288
9.35915
96.0722
91.9036
-22.758
-58.012
-8.59669
27.1824
21.9428
-13.5811
77.0071
64.203
-5.14701
24.2658
-30.3393
37.4847
48.768
72.2939
-36.5598
-23.3061
-39.1047
-95.1432
-70.5177
8.66743
-59.0228
-77.3611
5.58439
-20.7663
-93.3288
-67.375
-43.0633
71.8307
67.8852
-2.78105
-36.5412
-23.3357
32.4255
-53.7104
89.775
91.8275
-18.7308
71.3628
55.8226
99.1368
67.2279
10.4372
77.6382
-3.84638
-25.6488
-49.2384
-60.0028
-56.1746
7.32637
75.9898
-29.9292
67.0332
48.5645
-76.1722
58.6439
65.648
81.1222
-43.2796
-71.6652
89.0229
61.5613
79.6237
33.4672
-39.3581
-8.55605
82.7252
59.5454
10.1485
92.7081
-64.7241
95.6277
14.8063
-95.4476
32.0215
-56.4274
-8.12559
-7.14903
59.556
45.4106
23.986
-39.0676
75.3994
25.8952
93.9522
69.2271
2.04061
-91.0196
-17.5021
-59.9568
11.4031
94.7292
-17.511
80.7146
-11.2396
75.3719
-56.0639
9.83821
-42.3948
-67.4864
-97.5903
34.9972
40.3193
75.2555
69.4103
9.73798
6.23991
-72.2618
64.3934
-21.2992
19.7655
72.032
-73.1461
-95.5157
39.402
-75.676
81.6577
-88.9482
37.3633
-30.116
21.8769
83.7847
-79.4859
-4.38927
-19.0311
-22.8416
-65.3018
-44.0649
25.208
59.7816
5.86812
37.233
-97.2262
-32.4677
-81.6071
17.3965
-88.0842
26.6863
71.4204
-19.9405
63.3262
-49.3785
-44.4002
-59.3009
-24.8394
75.7975
77.5379
34.8846
-17.393
1.58167
6.0463
62.1875
-72.4384
-10.3785
-82.3106
-0.645353
86.7103
-67.4058
-61.4239
-67.5694
68.5626
-18.5116
-86.6844
-17.2904
-4.64633
12.2355
56.1439
-46.7141
47.6106
91.975
-77.5772
88.6715
18.688
-54.5974
75.472
33.6521
-94.685
-28.0446
88.7668
18.7607
-39.1265
73.9906
96.1727
-14.7014
68.4819
-23.3655
-64.2438
-27.179
74.9442
96.6126
26.0247
-32.8821
57.5099
-34.3353
33.1901
86.6191
43.7546
-19.3199
-94.4772
-70.1721
-46.6056
15.9492
-81.4686
-77.424
6.68754
-74.504
-96.2016
-79.127
-13.3434
81.0861
-69.0203
65.3469
40.2706
10.5912
-39.5241
48.9624
67.5312
73.6442
18.6311
-5.63557
60.6297
-78.0317
61.8669
77.2981
49.9419
-45.604
-39.1485
98.2105
66.4208
-90.5415
69.5495
80.2959
-6.11614
0.503146
-17.218
79.5681
-27.6113
8.27914
72.0247
10.8949
13.5668
64.3484
78.6539
37.3754
85.5464
36.8987
-46.2113
-42.1145
-14.4885
-61.4169
-64.1356
-11.0178
-4.54522
85.711
10.4289
-50.3336
-12.5028
-74.635
69.1889
55.4899
-71.4124
80.2881
-28.8636
65.0687
-69.0134
-85.6237
67.159
56.8186
-34.8566
14.7242
-24.6645
-82.809
-30.7242
57.4612
0.287227
-79.7451
-81.2826
76.2027
43.9945
79.0176
-34.638
-93.2734
-16.3379
-40.9627
14.7877
-83.3935
65.6265
-67.9746
-79.0939
86.8695
-87.492
38.2619
92.6607
-39.1847
81.7852
-50.4437
-94.6376
-35.3033
92.9244
32.1001
61.9509
45.1738
88.7764
31.6873
3.86556
-59.3216
99.3128
-22.8593
-62.2247
-42.0481
-45.7254
-20.3786
-9.14901
67.439
-51.4324
-18.24
-36.8587
12.1702
-80.555
36.5365
-7.85533
-27.3694
69.7938
37.5269
54.4245
-7.97376
-43.8012
-66.3575
61.4232
64.1717
-44.041
-93.211
16.2047
-10.5466
30.6617
-29.2557
-76.5093
85.1195
-44.9774
-55.506
-25.9972
69.2457
-79.8646
-86.3037
4.06493
-18.0908
-49.7454
50.7589
-50.7988
-51.7029
87.5784
96.8515
43.5056
-28.0372
10.8757
-74.4609
16.1686
-90.2225
45.5312
58.1182
-34.2652
48.5152
2.6628
-74.4537
99.0445
64.5861
24.7312
96.6425
-74.6657
17.9517
24.9208
31.3593
75.5935
-88.9592
66.0837
4.7092
14.533
60.6188
-27.0703
-96.9449
-53.0864
34.3829
-58.5917
90.5167
86.7942
-36.0355
78.289
21.5126
-67.6194
11.2797
38.873
-94.9611
-72.9563
73.7421
27.746
54.8555
-89.3391
29.1509
93.1523
-64.3225
80.6126
-49.9185
-20.8196
44.2118
79.1146
-55.9916
-91.8021
-58.94
33.2564
-77.8574
91.5545
71.858
-43.4804
-49.909
-32.8432
-78.1711
83.6136
-3.66552
-79.959
-82.3905
4.91803
-38.3795
89.7509
-72.0798
80.4795
66.7029
-42.1155
74.0368
73.8793
-1.5536
86.7491
57.9742
-75.022
52.7336
70.4905
30.2383
-38.9194
-41.5609
72.6771
10.1727
31.384
50.4059
-70.4751
44.3105
-51.7973
-20.5142
86.4056
95.9878
96.9943
42.5385
89.0988
-64.3755
-48.0189
-69.3449
-3.43179
39.5763
14.447
-83.8475
-97.0322
-79.6921
-41.5837
-35.8489
-53.8947
-23.7665
-13.4739
-55.0057
-23.9137
85.0562
-42.7923
90.5248
22.1357
-48.4564
-76.1791
-67.2936
12.4168
-15.721
-66.0424
96.2482
84.8745
-53.2163
-46.8411
-42.2636
3.85369
5.69065
81.8798
-86.6453
54.1859
-46.4129
96.0012
74.2943
-20.5375
26.8158
19.6173
-90.8689
62.105
49.1577
-51.9582
26.141
-7.84338
16.74
-11.4519
-27.2989
-85.9019
16.6401
-40.0754
39.6515
84.2429
-48.0989
-86.6482
36.5974
47.9531
-85.0722
-63.0632
-25.9839
-0.438866
-69.7387
10.2129
-52.1815
99.1938
17.7782
-39.9451
-17.1997
-96.2
-7.17254
-14.5924
55.8587
91.6192
43.1411
-7.2756
26.2887
50.7716
-48.956
54.4144
69.5648
-77.9945
-0.329418
45.8353
-97.3804
39.1364
-53.2123
97.2685
-93.5198
73.3702
-81.5593
-56.2782
-82.4549
-32.919
-36.4059
75.3098
89.9473
58.8446
29.2271
20.4878
-86.0129
-35.4591
61.8182
88.7412
-12.1334
-98.1957
63.8082
-62.0737
60.3882
-89.4022
59.727
61.4071
-58.9887
-39.3659
-6.55998
67.7257
-28.0091
-22.4111
92.747
25.5208
-90.599
53.1831
-39.6081
38.2376
68.9121
-45.3657
36.2711
-77.3835
-4.17995
58.2683
32.5598
-45.6187
-49.7266
-32.3661
-9.14463
53.5598
89.9399
-54.7497
89.0882
67.417
47.8876
-25.5564
-44.8948
60.2916
69.6707
26.741
30.5462
58.7818
-12.0684
84.5179
70.6044
-0.474326
75.0791
19.2068
-81.804
79.4584
-20.1249
-4.44466
-97.2453
22.1974
-27.1318
-77.7163
39.1033
-19.6289
5.95641
2.17775
82.0455
-34.8297
-90.6607
86.8009
-91.5046
36.0943
2.35526
97.659
43.5587
37.4125
43.6828
32.2707
40.6284
83.4557
33.1572
-54.0467
97.3011
80.9984
41.442
-70.9284
68.3702
80.6159
65.4932
85.1394
-1.40621
-19.7763
38.3202
-57.8267
4.77673
87.9579
-65.6904
7.95955
62.6529
76.4028
87.9285
-4.72686
46.2331
34.6487
50.9329
11.1083
-88.4663
-7.09498
77.2461
-27.788
-3.55492
-34.9796
-36.8962
40.52
22.9876
50.8861
73.5476
-7.1434
9.10356
18.7562
-64.6554
29.6829
-14.0242
-33.0846
43.6291
-6.93448
-88.3972
-34.1568
98.4539
-30.553
14.968
44.5782
82.7288
66.0046
72.0537
68.3369
-71.2364
-18.9394
-96.683
-28.6623
38.164
-32.2827
36.2706
40.9533
67.6438
-85.673
-40.9742
53.2799
68.8054
82.1241
67.7703
86.3956
-78.0814
-96.2354
61.3628
-3.42319
47.4407
-64.9552
-68.4188
36.7519
-50.4837
-58.0941
1.43829
-41.8422
26.3976
-75.8721
5.8824
-46.1895
85.78
-66.6393
-29.1948
22.3922
19.8136
-32.8549
-11.7699
86.5099
-58.5122
-55.5813
15.0677
57.0792
-68.6981
71.8053
-3.70574
-9.49415
57.6161
13.75
89.2129
72.4858
52.3629
94.7259
39.2057
-88.2695
-88.9643
35.349
-18.9843
9.8017
0.714214
-99.5206
-18.7658
45.2287
9.5328
-74.1281
49.4806
99.7585
-13.1598
-12.211
3.95361
94.8873
18.1577
93.8468
-48.3709
98.8737
-81.5965
81.7126
81.608
86.677
79.8911
86.8494
78.1834
67.0089
40.3502
-38.7224
-29.3234
47.6695
-33.3242
70.6735
82.3173
95.4453
-2.3874
16.5057
-6.46303
-48.7794
-55.5233
-58.4054
-3.29754
26.0526
97.1004
-13.1801
-13.7968
-39.4238
75.1839
62.1297
76.2036
-45.9197
-76.6079
93.8406
-99.0075
19.3198
9.33573
97.4745
2.33936
-86.1119
57.3332
-31.8863
-87.2194
52.7342
-82.8436
-50.9208
88.3942
31.3393
47.7316
69.9077
29.9248
35.9164
-95.1654
58.4819
68.2834
39.0957
80.7156
44.1791
99.7666
98.7583
-6.38431
61.5347
-91.3112
-63.4954
-14.7709
38.0673
0.814152
-80.3503
4.8672
-34.871
-17.3
-75.8186
-70.8786
55.4891
-52.7068
-52.1205
71.0747
56.7414
-78.7406
61.9202
-53.223
-19.5565
22.647
-36.2419
60.8705
84.6583
96.3185
85.1158
96.7489
78.6125
53.2222
-19.358
33.3403
74.0335
9.20594
-9.60656
4.48976
-15.358
26.5394
-88.0887
-2.90912
-58.2543
-96.9698
-83.223
73.4268
90.3683
-67.7297
-97.4381
59.8881
-45.6147
76.9719
-12.8071
87.3638
-86.4203
-21.3181
14.4458
-35.8755
-52.3884
-69.4951
23.6808
93.3321
-78.0993
31.535
-3.99586
-40.1084
-97.955
-1.26716
-21.328
-17.1747
40.9375
-63.0614
-10.8862
-21.4806
-19.9938
75.967
-80.4534
10.4754
24.12
94.8998
43.9117
46.9411
-71.9118
-42.7782
-87.5613
41.381
-69.4985
-58.2287
-92.94
-62.7552
0.646348
-95.6873
35.8176
2.03773
58.3776
22.4017
-4.23441
-60.3731
-37.1566
49.5117
-23.8477
27.7242
45.1542
-22.3559
9.71229
-39.075
-81.2191
-24.9938
28.5512
-31.3919
2.81632
18.6064
-53.2207
-17.1836
92.6073
-98.8288
56.6058
-40.1804
-92.6171
-95.1226
0.881962
26.0516
-54.6521
-41.9497
-73.0026
-83.2503
37.3387
39.3097
-16.4934
-43.7841
24.3337
-38.2392
97.5344
-74.8734
95.2832
14.5684
-51.2536
-63.2487
63.2327
28.3405
40.4818
61.2842
22.7681
-17.6497
-71.656
-77.7494
37.4139
-46.8629
-45.571
-80.6899
-30.2456
-92.3299
-60.3751
97.9832
-96.9033
67.3283
5.79669
29.915
-18.4329
-89.9402
-35.6723
-16.5164
-16.8434
-59.0099
27.1032
95.2308
11.1438
-72.5546
44.2688
25.4607
44.9657
-18.771
-24.9142
82.9038
-25.5661
97.1398
57.7021
9.89293
-0.142086
-64.9139
-9.47834
49.8329
84.9685
28.0867
-99.6518
32.9171
33.9583
79.385
-37.9862
45.9819
-31.1086
66.3459
95.7501
-31.9158
79.8439
-80.9418
39.4007
-84.1417
90.0868
-29.9065
70.8168
10.9365
10.3327
-84.7664
-21.3947
-62.0078
-59.2876
-20.919
18.7106
-5.04313
95.2785
23.0296
89.3504
2.8022
50.8717
82.289
-29.007
-50.6564
-17.6352
1.72213
43.5409
20.3005
75.8562
-29.5494
91.8038
91.6928
-92.5009
3.8712
-5.16936
11.0605
-8.15366
68.3613
23.6146
5.95675
82.452
-10.1075
-99.8277
74.9062
86.0794
79.5289
46.5956
-68.0026
-44.1742
-27.3967
15.3561
-85.4936
-75.0778
71.0657
58.5426
48.7163
32.3709
-50.5427
42.7055
-34.635
-96.4681
-15.0911
-95.2602
-74.7673
47.5226
-68.5589
36.7514
21.1125
-80.4561
-80.4425
-87.7145
23.5213
80.823
-48.6693
81.9731
32.4073
51.093
13.9144
46.3767
-48.7252
-45.3406
-73.8199
-92.6828
55.065
72.789
-57.0091
21.1915
-40.4495
-49.16
-61.97
-29.848
-55.59
-40.8574
-96.387
1.64374
-69.557
-78.2683
85.091
-60.7212
-92.3334
15.3541
17.1514
83.2439
32.8955
-38.9937
78.1022
34.0453
60.8516
-97.238
-29.8366
93.8244
20.1618
24.5805
-96.1527
29.5315
43.0924
-10.7412
-50.8994
-87.5467
-73.7042
91.7023
-51.9782
-16.6983
54.264
62.2053
19.3231
-97.6687
46.1047
9.15032
-87.7834
37.2012
28.1249
-57.3929
-10.8332
-31.2687
27.0845
49.5959
-48.5019
21.1023
-21.0231
46.0147
-99.1641
1.21975
-4.74042
44.2958
46.6086
-13.0627
16.9297
70.7187
21.1469
-47.7471
58.9844
-82.3592
-78.8293
-17.0076
95.0314
-19.8704
-22.2685
17.7245
-67.6826
12.0386
-23.098
-61.0805
-48.3446
-87.7554
85.2707
-97.0518
-62.0331
48.4071
-50.3726
-89.8536
77.8573
35.779
-61.8681
30.3086
55.1532
-1.29276
15.2328
40.6824
-28.584
-94.7843
82.265
-6.43394
53.7704
-99.0823
84.0462
-82.1642
21.8762
-0.969259
37.4203
97.8805
50.8724
-23.9228
-20.0746
-16.8437
-59.0414
-66.8711
67.8944
88.1356
32.5621
-55.0264
-52.2891
-21.5778
65.1673
89.6329
-90.1503
-2.31159
0.422424
65.0527
29.5793
60.1898
24.2477
-19.8551
6.09653
-20.3066
-28.5261
7.31199
15.7123
59.986
-12.9386
82.5087
90.4737
37.3932
23.0413
19.3705
-20.2364
-54.5923
65.5472
97.3741
19.6989
-23.0889
6.27504
75.713
27.3045
-42.2908
56.9047
-68.95
-88.4345
92.6102
-63.1347
1.58921
18.3706
51.4542
34.3352
18.3489
-9.22932
-29.2001
23.5268
62.8655
19.9396
-77.3221
-23.2335
-82.9557
-42.8169
-14.9932
18.4594
-75.8742
0.90083
-99.5409
23.1232
-9.84622
-96.6316
-9.55395
53.7854
38.9985
81.8802
72.8644
-48.5181
-44.1252
-90.485
-69.2775
-85.4186
-4.68775
41.358
-86.5894
-76.7461
19.6923
-94.19
30.2911
45.1612
83.4928
68.721
-73.1329
68.6147
83.4739
-73.5231
-63.7401
-72.7092
67.2239
-19.8586
-55.8993
36.6781
47.1076
-45.8213
67.7927
90.3916
22.9287
66.194
-37.1548
-47.2587
-92.8951
15.5386
41.898
20.3605
53.9676
94.3177
-78.1479
87.0785
-49.2507
92.6593
-93.1398
53.0646
14.2992
-71.0098
89.3103
-70.7143
43.5148
68.4038
67.3219
-97.7305
40.3144
54.3184
-36.6333
78.2081
1.54351
94.7684
17.7166
-27.4233
-87.7423
-69.6243
58.7299
-42.432
49.2707
84.5332
-81.9865
-56.379
-0.556137
-56.9215
-29.9804
-51.9561
-97.5999
15.1888
83.6293
18.5437
-27.5491
98.5481
-16.6361
-73.1222
11.7473
59.0371
79.8808
-70.3969
-26.7071
-7.66623
69.0211
-83.1141
34.9151
97.201
-30.2642
49.7668
-57.7684
58.4936
-19.4204
-27.3867
66.3334
-65.9211
-43.2863
-18.3169
13.0512
-38.0033
-97.3244
85.0937
-54.6005
55.0367
5.71289
73.7136
-54.0637
-78.569
20.2907
-41.4999
-59.9779
-7.61949
-78.1091
-59.5823
-24.3409
71.6108
-4.7113
60.3465
-96.003
-96.4804
82.9413
35.4673
2.62749
-74.9373
21.9924
35.9562
-61.5076
85.3509
-65.7468
64.2479
-54.6373
-22.0247
97.6715
64.3078
-37.6371
45.579
40.5684
93.3198
4.15486
86.0193
12.5911
60.5695
59.4099
75.4668
-92.5468
-61.623
37.9218
17.9704
-56.8467
-0.631562
-37.5409
98.3613
-78.5779
61.4313
-92.7541
24.5301
14.7698
-4.48451
-12.0842
38.6787
-8.49773
-67.3117
-18.9409
17.53
63.5441
50.694
-53.2882
61.5374
30.9881
49.8598
-92.3884
59.7066
-17.0495
58.9635
95.6279
-30.9643
47.1179
-70.851
16.127
73.9849
87.6161
-19.9803
86.0373
78.3206
8.13585
74.6306
40.3986
-21.0052
-59.5147
-27.4424
-85.1355
-51.7377
-84.7956
21.7387
63.5028
-34.1723
37.8065
50.8529
-77.6102
18.5887
-68.2492
-54.5163
-55.8037
14.2973
-82.4227
-0.186633
77.8136
-7.42869
94.4401
34.921
-20.0492
-51.3526
-80.3788
88.7231
38.5597
-47.1646
83.8721
-94.0275
46.3811
61.357
-69.1809
14.1358
64.3259
-25.2546
-88.1518
58.4228
83.003
87.5477
-25.9071
10.6433
-32.7589
-48.5085
-4.95999
-37.4096
8.55289
-19.2328
15.8495
64.1886
-61.358
-0.452025
56.5213
-0.405111
67.7558
-67.2942
-94.8911
-19.4369
23.3577
-82.0834
52.8626
-82.6455
20.4892
58.8893
-26.4132
-41.6636
-38.2435
1.24731
70.3369
14.7119
-31.7935
-37.355
-95.8474
64.6368
-98.6723
54.2728
-28.56
66.414
24.0428
12.9965
8.50151
80.6153
6.87164
-57.1901
74.0438
90.7266
44.3305
-60.4595
27.6611
31.6988
10.725
62.336
11.8153
-94.2331
-27.7623
-25.6949
57.0514
-88.1699
64.146
56.0833
-52.829
-8.87665
51.2618
69.3798
28.8025
14.9023
21.6989
74.8839
98.5561
-35.0734
49.4436
-38.6394
83.7592
90.6273
-39.0348
11.1664
13.5237
57.0332
-94.2962
83.0567
-43.5675
-29.9492
34.4103
11.8997
16.3669
7.70153
-47.3037
-57.8944
30.2943
2.033
-71.093
55.8823
59.355
90.3836
38.9323
-88.7972
-41.4003
75.7213
83.9299
-84.9619
69.0092
53.1067
-94.4837
4.99816
-99.7923
19.4716
86.1157
-9.13833
-40.1667
26.2248
63.0414
-71.2925
62.299
-48.5983
-64.9009
-1.27902
16.751
45.1443
61.5392
36.3198
5.14249
-88.5085
-6.73927
10.0814
-5.60386
84.1586
53.0818
-49.5891
-15.1691
84.3224
35.5516
-9.79563
68.5159
83.6487
11.833
81.525
69.9282
41.3081
-3.05636
-2.26057
69.7181
-74.5929
-88.2115
-48.2418
-13.9157
-45.6331
-66.0414
-88.9237
30.9443
43.9079
-45.2852
64.9674
65.5064
-32.4681
-60.8554
27.8094
-80.0498
-69.4093
51.0674
42.2044
-29.7935
82.7899
-78.8499
-1.8394
58.3466
34.2775
70.1691
85.6299
65.5972
-77.838
67.051
55.8416
-13.6678
41.9496
9.54534
-29.9557
-43.8166
89.6055
92.5302
2.16962
6.26978
-43.6041
-25.9356
13.6996
79.9277
-25.2097
-96.357
0.62181
-26.8184
50.576
35.2978
-46.3319
-45.8727
-42.194
-23.9085
23.0357
-3.33141
-48.8168
14.3555
66.2391
76.4807
11.5615
3.02699
-2.04112
51.4422
57.299
20.6151
27.6979
-75.7055
-37.6028
29.2888
4.34992
-23.285
-27.6584
53.8325
77.0599
65.92
-12.1324
-6.07779
32.1265
54.2258
-6.60514
-61.2689
20.5056
-5.26858
-3.46089
0.727752
3.82429
83.4397
20.8202
-13.4619
0.189869
57.1988
42.3855
-15.6788
3.3153
-38.2012
-12.6281
-57.2819
-84.2595
60.7552
-26.0215
-88.2303
55.4913
97.8516
13.8634
63.336
-42.6392
-4.94149
-78.1675
38.465
99.2033
48.466
34.1631
-36.2807
-49.9825
-82.5364
93.1825
97.5374
-4.15043
-56.4239
-82.9164
16.4598
87.1393
1.72792
-42.2217
70.0518
34.677
-2.06097
-20.0007
-41.4557
32.955
15.8566
-28.9554
22.0744
5.8699
0.966841
-44.6919
73.3343
75.1138
0.583411
25.1731
-31.7928
91.4993
4.06687
-52.2735
-66.7173
69.9699
-32.1272
-15.7817
-33.5124
-49.1148
53.7489
-40.5339
-46.2589
3.51354
-34.1085
4.23409
9.60332
45.2763
51.0293
73.0625
81.5192
-37.6025
-45.7109
-42.4646
-31.1033
-78.9767
60.3949
-5.37552
95.9507
-75.7379
-53.6874
52.4427
-77.0225
-1.75856
60.2101
32.5402
-13.7455
-54.7876
-65.6329