0 34 0 14 1 56 0
1 74 1 25 0 50 2
0 87 0 39 1 76 3
1 16 3 43 1 15 1
0 30 2 44 0 62 2
1 44 3 53 3 16 0
1 79 3 9 3 64 2
0 2 0 93 0 32 0
0 16 3 23 1 38 0
1 18 1 40 3 9 0
0 33 1 16 3 30 3
1 30 2 7 0 27 2
1 44 0 72 2 13 2
1 40 0 65 3 5 0
1 58 3 29 1 93 3
1 24 1 2 3 52 2
0 38 1 59 2 80 3
1 97 3 60 3 94 1
0 10 3 23 2 2 2
1 71 1 68 3 76 0
0 47 2 23 2 52 0
1 54 2 51 1 14 3
0 49 3 5 3 43 2
0 26 1 65 2 19 0
1 89 2 0 2 49 3
1 59 2 63 2 60 0
0 91 1 21 2 96 3
0 55 1 92 1 15 2
0 58 0 11 0 5 3
0 22 2 44 1 53 0
1 18 2 59 3 49 2
1 55 0 78 2 87 0
1 44 0 6 0 62 3
1 23 3 99 0 74 2
1 6 3 89 3 11 2
1 4 1 33 3 11 3
0 22 2 20 2 66 1
0 71 0 27 2 76 2
1 61 0 5 1 28 1
0 12 3 6 0 50 1
0 90 1 39 1 61 1
0 16 0 43 0 39 2
1 75 3 35 1 42 2
1 44 0 42 3 93 2
0 10 2 96 1 47 2
1 17 3 7 1 11 2
0 74 1 41 1 34 0
1 60 3 39 3 87 1
0 32 3 14 3 92 3
0 54 2 57 3 92 0
1 98 1 25 1 90 1
0 15 1 93 3 57 3
1 80 0 88 1 36 0
1 78 2 93 0 80 1
0 64 0 37 2 19 0
0 53 2 3 2 31 2
0 65 0 3 1 92 3
0 8 1 44 3 95 1
0 95 3 71 3 18 3
0 37 0 25 2 83 0
1 38 2 64 1 99 3
1 82 1 15 3 6 1
0 31 2 35 2 69 2
1 70 3 54 0 9 3
1 20 2 44 3 96 1
1 77 2 22 1 85 0
0 78 2 39 1 33 1
0 88 1 41 2 11 3
1 17 2 42 0 65 0
0 48 3 0 3 81 3
1 19 1 30 0 51 1
1 63 1 66 3 26 2
0 62 1 28 1 30 2
0 59 3 36 3 9 3
1 96 2 83 0 33 3
1 85 1 18 3 32 1
0 93 0 6 1 96 0
0 0 1 31 1 60 0
0 36 1 53 3 33 0
1 78 0 74 3 5 1
0 54 0 32 1 37 3
0 57 0 92 0 6 0
1 93 0 86 2 66 1
0 38 2 10 1 90 0
1 31 2 99 0 13 3
1 34 1 61 1 75 2
1 19 0 91 0 95 3
0 0 0 28 1 73 2
1 28 3 60 2 46 2
1 82 1 97 1 50 3
1 98 1 25 1 90 1
0 15 1 93 3 57 3
1 80 0 88 1 36 0
1 78 2 93 0 80 1
0 64 0 37 2 19 0
0 53 2 3 2 31 2
0 65 0 3 1 92 3
0 8 1 44 3 95 1
0 95 3 71 3 18 3
-1 37 0 25 2 83 0
